2 0.417910447761194 0.6528239202657807 0.3364993215739484 0.31561461794019935
2 0.3073270013568521 0.5722591362126246 0.16417910447761191 0.3504983388704319
2 0.44979647218453184 0.4601328903654485 0.2564450474898236 0.23920265780730898
1 0.12075983717774762 0.29900332225913623 0.09769335142469471 0.4318936877076412
1 0.2028493894165536 0.2898671096345515 0.12890094979647218 0.41362126245847175
1 0.25576662143826323 0.2691029900332226 0.08548168249660787 0.34551495016611294
1 0.3270013568521031 0.25830564784053156 0.0841248303934871 0.3372093023255814
1 0.4029850746268656 0.23837209302325582 0.09226594301221167 0.30066445182724255
1 0.5535956580732699 0.34551495016611294 0.1112618724559023 0.48837209302325585
1 0.6350067842605156 0.43106312292358806 0.14925373134328357 0.5
0 0.7611940298507462 0.37292358803986714 0.11668928086838534 0.29069767441860467
