1 0.0708215297450425 0.3648648648648649 0.1359773371104816 0.7189189189189189
1 0.36685552407932015 0.24864864864864866 0.06515580736543909 0.4756756756756757
1 0.45325779036827196 0.21891891891891893 0.07932011331444759 0.3621621621621622
3 0.528328611898017 0.1918918918918919 0.0481586402266289 0.372972972972973
1 0.5764872521246459 0.2567567567567568 0.053824362606232294 0.5027027027027027
1 0.6303116147308783 0.2810810810810811 0.0708215297450425 0.4972972972972973
1 0.6827195467422097 0.2567567567567568 0.0679886685552408 0.4918918918918919
0 0.5028328611898017 0.5 0.1898016997167139 0.31891891891891894
2 0.7025495750708216 0.6135135135135136 0.3796033994334278 0.21081081081081082
1 0.1359773371104816 0.32972972972972975 0.1019830028328612 0.6486486486486487
1 0.2096317280453258 0.3567567567567568 0.1643059490084986 0.7027027027027027
