2 0.612 0.8163841807909604 0.404 0.3672316384180791
1 0.084 0.3785310734463277 0.164 0.6139359698681732
1 0.312 0.3013182674199623 0.188 0.5649717514124294
3 0.868 0.263653483992467 0.216 0.4406779661016949
3 0.607 0.2589453860640301 0.222 0.4312617702448211
3 0.775 0.20809792843691147 0.146 0.2843691148775894
3 0.9470000000000001 0.1694915254237288 0.106 0.3352165725047081
3 0.715 0.11487758945386063 0.13 0.19209039548022597
3 0.47900000000000004 0.1911487758945386 0.122 0.33709981167608283
0 0.734 0.7080979284369114 0.444 0.5499058380414312
0 0.388 0.5480225988700564 0.224 0.33145009416195853
