3 0.916988416988417 0.30927835051546393 0.11969111969111969 0.20618556701030927
1 0.7741312741312741 0.3530927835051546 0.15830115830115832 0.34536082474226804
1 0.6196911196911197 0.42010309278350516 0.13513513513513514 0.5412371134020618
3 0.5173745173745173 0.28865979381443296 0.07722007722007722 0.25773195876288657
3 0.4285714285714286 0.26804123711340205 0.11583011583011583 0.2268041237113402
1 0.30694980694980695 0.4304123711340206 0.09652509652509653 0.4587628865979381
1 0.1833976833976834 0.38917525773195877 0.11969111969111969 0.6443298969072165
1 0.07722007722007722 0.3788659793814433 0.1003861003861004 0.5309278350515464
0 0.4362934362934363 0.5876288659793815 0.2857142857142857 0.4536082474226804
2 0.41312741312741313 0.8324742268041236 0.5714285714285714 0.31443298969072164
