0 0.2585812356979405 0.6477024070021882 0.4302059496567506 0.512035010940919
2 0.4393592677345538 0.7439824945295405 0.3524027459954233 0.45951859956236324
0 0.5892448512585813 0.5787746170678337 0.3501144164759725 0.43544857768052514
1 0.9290617848970252 0.4387308533916849 0.14187643020594964 0.649890590809628
1 0.7917620137299771 0.33807439824945296 0.2517162471395881 0.49671772428884026
1 0.7105263157894737 0.27680525164113784 0.10297482837528604 0.3260393873085339
1 0.4633867276887872 0.3741794310722101 0.2494279176201373 0.48577680525164113
0 0.16132723112128147 0.38293216630196936 0.3180778032036613 0.47264770240700216
1 0.3512585812356979 0.24288840262582057 0.08466819221967964 0.2975929978118162
1 0.620137299771167 0.2275711159737418 0.09153318077803203 0.2669584245076586
