2 0.39875 0.7580037664783427 0.5425 0.3032015065913371
1 0.058125 0.4416195856873823 0.11375 0.8003766478342749
0 0.214375 0.5451977401129944 0.17625 0.3220338983050847
1 0.164375 0.4209039548022599 0.10875 0.5028248587570622
0 0.34 0.5348399246704332 0.11750000000000001 0.3653483992467043
0 0.455 0.5414312617702448 0.1825 0.35969868173258
0 0.634375 0.5988700564971751 0.24125 0.3804143126177024
0 0.8306250000000001 0.5263653483992466 0.33875 0.9058380414312618
3 0.68375 0.3192090395480226 0.1475 0.3032015065913371
3 0.514375 0.3380414312617702 0.11625 0.2165725047080979
