2 0.5597402597402598 0.7958333333333333 0.4857142857142857 0.3333333333333333
1 0.07272727272727272 0.4 0.12467532467532468 0.5833333333333334
1 0.14415584415584415 0.38958333333333334 0.10649350649350649 0.6791666666666667
1 0.22727272727272727 0.35 0.1012987012987013 0.5916666666666667
1 0.32727272727272727 0.43124999999999997 0.13506493506493505 0.8458333333333333
1 0.4077922077922078 0.28541666666666665 0.10909090909090909 0.37083333333333335
1 0.4922077922077922 0.3416666666666667 0.12207792207792208 0.675
0 0.5792207792207792 0.5916666666666667 0.34805194805194806 0.625
1 0.7519480519480519 0.31875 0.09090909090909091 0.5875
1 0.874025974025974 0.475 0.18961038961038962 0.9333333333333333
