1 0.3458498023715415 0.2544444444444444 0.11462450592885375 0.21555555555555556
1 0.4703557312252964 0.28555555555555556 0.12648221343873517 0.26
1 0.6442687747035573 0.2577777777777778 0.15019762845849802 0.18222222222222223
1 0.7687747035573123 0.25 0.12252964426877469 0.18888888888888888
1 0.9525691699604742 0.24 0.09486166007905138 0.1688888888888889
0 0.10079051383399208 0.41333333333333333 0.19367588932806323 0.3511111111111111
0 0.7055335968379446 0.46555555555555556 0.28063241106719367 0.18
0 0.9090909090909091 0.49666666666666665 0.1818181818181818 0.3
0 0.308300395256917 0.5566666666666666 0.3794466403162055 0.3622222222222222
2 0.6442687747035573 0.5944444444444444 0.5375494071146245 0.1622222222222222
