1 0.03773584905660377 0.3287292817679558 0.06792452830188679 0.6243093922651933
2 0.5018867924528302 0.7651933701657458 0.6943396226415094 0.281767955801105
1 0.1018867924528302 0.3204419889502762 0.09056603773584906 0.6298342541436464
1 0.2018867924528302 0.361878453038674 0.1169811320754717 0.5911602209944751
1 0.360377358490566 0.3646408839779005 0.12452830188679245 0.56353591160221
1 0.29245283018867924 0.38121546961325964 0.08679245283018867 0.5193370165745856
1 0.47924528301886793 0.3425414364640884 0.10566037735849057 0.585635359116022
1 0.5867924528301887 0.32320441988950277 0.1169811320754717 0.6353591160220994
1 0.6716981132075471 0.3259668508287293 0.11320754716981132 0.6408839779005524
1 0.8056603773584906 0.35082872928176795 0.1169811320754717 0.5469613259668508
1 0.909433962264151 0.3259668508287293 0.12830188679245283 0.574585635359116
1 0.9679245283018868 0.292817679558011 0.06415094339622641 0.574585635359116
1 0.7245283018867925 0.3425414364640884 0.06792452830188679 0.5524861878453038
