2 0.451 0.764179104477612 0.486 0.3402985074626866
0 0.47200000000000003 0.573134328358209 0.22 0.33432835820895523
1 0.07100000000000001 0.3656716417910448 0.138 0.7253731343283583
1 0.152 0.3746268656716418 0.1 0.5940298507462687
1 0.267 0.3761194029850746 0.122 0.573134328358209
1 0.34900000000000003 0.39104477611940297 0.074 0.4716417910447761
1 0.389 0.3955223880597015 0.054 0.36716417910447763
1 0.71 0.41492537313432837 0.056 0.3044776119402985
1 0.752 0.39850746268656717 0.052000000000000005 0.23582089552238805
1 0.8230000000000001 0.40597014925373137 0.098 0.3402985074626866
1 0.933 0.40597014925373137 0.122 0.3641791044776119
1 0.654 0.4343283582089552 0.068 0.3194029850746269
1 0.579 0.4253731343283582 0.074 0.31343283582089554
1 0.463 0.3537313432835821 0.09 0.28955223880597014
