0 0.4325 0.42592592592592593 0.22 0.5185185185185185
2 0.585 0.5740740740740741 0.27 0.34074074074074073
0 0.68125 0.5462962962962963 0.28250000000000003 0.7444444444444445
1 0.30125 0.1537037037037037 0.0675 0.24074074074074076
1 0.24375 0.1574074074074074 0.0675 0.24074074074074076
1 0.1875 0.15555555555555556 0.08 0.25925925925925924
0 0.09 0.3925925925925926 0.17500000000000002 0.6814814814814815
1 0.38875 0.1277777777777778 0.0675 0.1814814814814815
1 0.34500000000000003 0.11666666666666667 0.045 0.1962962962962963
1 0.51 0.1388888888888889 0.045 0.1962962962962963
1 0.5875 0.10740740740740741 0.04 0.16296296296296298
1 0.55875 0.10370370370370371 0.0275 0.12592592592592594
