2 0.385 0.7869955156950672 0.28500000000000003 0.18385650224215247
1 0.2 0.48654708520179374 0.11 0.6053811659192825
0 0.355 0.5515695067264574 0.125 0.37668161434977576
0 0.5075000000000001 0.6076233183856502 0.13 0.3183856502242152
0 0.62125 0.6300448430493274 0.1375 0.3273542600896861
1 0.74875 0.5605381165919282 0.1325 0.8251121076233183
1 0.67125 0.2982062780269058 0.0675 0.3452914798206278
1 0.85 0.3071748878923767 0.105 0.4170403587443946
3 0.19375 0.14798206278026907 0.10250000000000001 0.242152466367713
1 0.3375 0.2713004484304933 0.07 0.3452914798206278
1 0.295 0.26681614349775784 0.055 0.273542600896861
