2 0.616 0.5637119113573407 0.088 0.13019390581717452
0 0.757 0.7950138504155124 0.134 0.33240997229916897
1 0.889 0.40581717451523547 0.078 0.2631578947368421
1 0.8140000000000001 0.47368421052631576 0.052000000000000005 0.2548476454293629
1 0.75 0.5470914127423823 0.068 0.27977839335180055
1 0.685 0.44321329639889195 0.058 0.22160664819944598
1 0.716 0.3573407202216066 0.06 0.15512465373961218
1 0.645 0.3379501385041551 0.062 0.24930747922437674
0 0.542 0.5207756232686981 0.076 0.16066481994459833
0 0.656 0.5221606648199446 0.052000000000000005 0.14127423822714683
0 0.579 0.4182825484764543 0.062 0.1994459833795014
1 0.47000000000000003 0.4155124653739612 0.056 0.26038781163434904
1 0.403 0.3448753462603878 0.034 0.11911357340720222
1 0.41200000000000003 0.38227146814404434 0.068 0.2548476454293629
1 0.368 0.24653739612188366 0.092 0.1883656509695291
1 0.357 0.41412742382271467 0.07 0.22437673130193905
1 0.316 0.40166204986149584 0.084 0.26038781163434904
1 0.213 0.49445983379501385 0.07 0.2631578947368421
1 0.131 0.5110803324099723 0.054 0.26869806094182824
1 0.155 0.3988919667590028 0.046 0.23268698060941828
1 0.056 0.43490304709141275 0.056 0.20498614958448755
