2 0.2427652733118971 0.7095238095238096 0.15112540192926044 0.24761904761904763
2 0.5594855305466238 0.7523809523809525 0.27009646302250806 0.1142857142857143
1 0.10128617363344052 0.5666666666666668 0.12540192926045016 0.5333333333333334
1 0.21864951768488747 0.5190476190476191 0.09646302250803858 0.4571428571428572
1 0.2877813504823151 0.5285714285714286 0.1189710610932476 0.5047619047619049
1 0.3440514469453376 0.5214285714285715 0.05787781350482315 0.480952380952381
1 0.3987138263665595 0.5476190476190477 0.0707395498392283 0.5428571428571429
1 0.47106109324758844 0.5571428571428572 0.11254019292604502 0.5238095238095238
1 0.5691318327974276 0.5404761904761906 0.08360128617363344 0.5285714285714286
1 0.6559485530546624 0.5690476190476191 0.13504823151125403 0.5285714285714286
1 0.7218649517684887 0.5428571428571429 0.10610932475884244 0.5333333333333334
1 0.8135048231511254 0.5452380952380953 0.12218649517684887 0.5
1 0.9035369774919614 0.5380952380952382 0.14790996784565916 0.5333333333333334
