1 0.8450980392156863 0.4228723404255319 0.13725490196078433 0.5585106382978723
1 0.7509803921568627 0.43351063829787234 0.058823529411764705 0.4521276595744681
1 0.7 0.3962765957446808 0.07450980392156863 0.44148936170212766
1 0.6392156862745098 0.4095744680851064 0.09411764705882353 0.4361702127659574
1 0.5823529411764706 0.36968085106382975 0.09019607843137255 0.4308510638297872
1 0.5117647058823529 0.4601063829787234 0.07450980392156863 0.35638297872340424
1 0.3784313725490196 0.3351063829787234 0.12156862745098039 0.5638297872340425
1 0.296078431372549 0.4574468085106383 0.08235294117647059 0.35106382978723405
1 0.20980392156862746 0.3484042553191489 0.058823529411764705 0.4734042553191489
3 0.14509803921568626 0.26861702127659576 0.09411764705882353 0.31382978723404253
2 0.3431372549019608 0.7686170212765957 0.34901960784313724 0.3031914893617021
