2 0.523 0.7826666666666666 0.25 0.43466666666666665
2 0.899 0.4373333333333333 0.202 0.864
1 0.8190000000000001 0.328 0.098 0.416
1 0.613 0.252 0.10200000000000001 0.43466666666666665
0 0.583 0.584 0.21 0.37866666666666665
0 0.245 0.5786666666666667 0.29 0.42666666666666664
3 0.067 0.30933333333333335 0.13 0.4746666666666666
1 0.203 0.25466666666666665 0.15 0.488
1 0.335 0.29733333333333334 0.138 0.4613333333333333
1 0.41300000000000003 0.30666666666666664 0.078 0.416
1 0.481 0.2733333333333333 0.146 0.52
