2 0.403954802259887 0.5683333333333334 0.2655367231638418 0.13
1 0.10451977401129943 0.4966666666666667 0.20527306967984935 0.9866666666666667
1 0.17890772128060262 0.32833333333333337 0.08286252354048963 0.36333333333333334
1 0.2598870056497175 0.31333333333333335 0.08286252354048963 0.28
1 0.524482109227872 0.31333333333333335 0.04331450094161959 0.32
1 0.507532956685499 0.28500000000000003 0.03954802259887005 0.19
1 0.5649717514124294 0.3433333333333334 0.060263653483992465 0.3666666666666667
1 0.6120527306967984 0.3566666666666667 0.064030131826742 0.32666666666666666
1 0.667608286252354 0.35333333333333333 0.054613935969868174 0.45333333333333337
1 0.7523540489642184 0.4783333333333334 0.09981167608286252 0.6766666666666667
1 0.9020715630885122 0.5016666666666667 0.1958568738229755 0.9966666666666667
1 0.43220338983050843 0.2816666666666667 0.02824858757062147 0.13
3 0.4764595103578154 0.41833333333333333 0.08662900188323917 0.1366666666666667
0 0.4670433145009416 0.5616666666666666 0.14689265536723164 0.17666666666666667
