1 0.06012024048096192 0.2853333333333333 0.11623246492985971 0.5599999999999999
1 0.22745490981963926 0.42133333333333334 0.1943887775551102 0.8373333333333333
3 0.3366733466933867 0.19599999999999998 0.08416833667334668 0.30133333333333334
3 0.4338677354709419 0.15466666666666667 0.08617234468937875 0.29333333333333333
1 0.5180360721442885 0.22 0.1062124248496994 0.296
1 0.6412825651302605 0.264 0.08817635270541081 0.4693333333333333
1 0.7124248496993988 0.29733333333333334 0.058116232464929855 0.41866666666666663
1 0.7905811623246493 0.31466666666666665 0.09018036072144288 0.5439999999999999
1 0.906813627254509 0.36 0.1503006012024048 0.6773333333333333
3 0.34068136272545085 0.4093333333333333 0.16833667334669336 0.22133333333333333
0 0.5290581162324649 0.43066666666666664 0.15230460921843686 0.2853333333333333
0 0.39679358717434865 0.5546666666666666 0.2444889779559118 0.4053333333333333
0 0.7174348697394789 0.712 0.24849699398797592 0.384
2 0.49999999999999994 0.772 0.2985971943887775 0.3973333333333333
