2 0.533 0.852 0.342 0.25866666666666666
1 0.364 0.5093333333333333 0.176 0.8693333333333333
1 0.712 0.5026666666666666 0.14400000000000002 0.8186666666666667
1 0.20500000000000002 0.312 0.066 0.33066666666666666
1 0.177 0.2853333333333333 0.078 0.30933333333333335
1 0.588 0.29866666666666664 0.06 0.27199999999999996
1 0.637 0.3213333333333333 0.062 0.24266666666666667
3 0.9540000000000001 0.3133333333333333 0.092 0.19999999999999998
0 0.8200000000000001 0.42266666666666663 0.092 0.39199999999999996
0 0.506 0.3506666666666667 0.132 0.264
3 0.46 0.27199999999999996 0.064 0.15466666666666667
0 0.267 0.372 0.094 0.328
