1 0.21625 0.39666666666666667 0.1675 0.76
1 0.335 0.2733333333333334 0.1 0.43333333333333335
1 0.47000000000000003 0.26 0.09 0.4066666666666667
1 0.5962500000000001 0.24166666666666667 0.08750000000000001 0.41000000000000003
1 0.68625 0.19833333333333333 0.08750000000000001 0.33
1 0.76625 0.26333333333333336 0.10250000000000001 0.4066666666666667
1 0.82125 0.305 0.1225 0.29000000000000004
3 0.94625 0.16 0.1075 0.18000000000000002
0 0.685 0.555 0.145 0.39666666666666667
2 0.5425 0.6016666666666667 0.165 0.32333333333333336
