2 0.5081818181818182 0.713506139154161 0.4527272727272727 0.2837653478854025
0 0.5909090909090909 0.5736698499317872 0.24363636363636362 0.18417462482946795
3 0.6281818181818182 0.5068212824010914 0.1690909090909091 0.12141882673942701
3 0.6363636363636364 0.3956343792633015 0.10909090909090909 0.12551159618008187
1 0.9363636363636364 0.4311050477489768 0.12727272727272726 0.24556616643929058
1 0.44636363636363635 0.4345156889495225 0.14 0.23328785811732605
1 0.3572727272727273 0.35743519781718963 0.07090909090909091 0.17189631650750342
3 0.3090909090909091 0.32537517053206005 0.07636363636363637 0.10231923601637108
3 0.26181818181818184 0.3956343792633015 0.13454545454545455 0.17462482946793997
0 0.2772727272727273 0.5641200545702593 0.24545454545454545 0.17053206002728513
