2 0.5075000000000001 0.7150943396226415 0.28500000000000003 0.29056603773584905
2 0.2675 0.5811320754716981 0.2 0.25660377358490566
2 0.49 0.49245283018867925 0.115 0.12452830188679245
1 0.9225 0.3132075471698113 0.11 0.3849056603773585
1 0.61375 0.33584905660377357 0.0825 0.46037735849056605
1 0.5337500000000001 0.3113207547169811 0.0725 0.2830188679245283
1 0.43 0.3283018867924528 0.09 0.3018867924528302
1 0.31 0.32075471698113206 0.06 0.2641509433962264
1 0.08 0.39622641509433965 0.15 0.5509433962264151
0 0.6925 0.42641509433962266 0.065 0.1660377358490566
0 0.75875 0.4075471698113208 0.08750000000000001 0.18113207547169813
0 0.375 0.4641509433962264 0.1 0.2490566037735849
0 0.255 0.4981132075471698 0.125 0.2037735849056604
2 0.62125 0.49056603773584906 0.1075 0.11320754716981132
