2 0.4634615384615385 0.3894736842105263 0.21153846153846156 0.2736842105263158
2 0.5846153846153846 0.25 0.09230769230769231 0.19473684210526315
1 0.7730769230769231 0.15 0.08461538461538462 0.21578947368421053
1 0.9711538461538463 0.12631578947368421 0.057692307692307696 0.24210526315789474
1 0.9096153846153847 0.11578947368421053 0.03461538461538462 0.14736842105263157
1 0.8730769230769231 0.10526315789473684 0.046153846153846156 0.15789473684210525
1 0.23076923076923078 0.17368421052631577 0.046153846153846156 0.09473684210526316
1 0.15961538461538463 0.2026315789473684 0.057692307692307696 0.15263157894736842
1 0.08076923076923077 0.19210526315789472 0.06153846153846154 0.13157894736842105
1 0.026923076923076925 0.19736842105263158 0.046153846153846156 0.12105263157894737
2 0.5019230769230769 0.20526315789473684 0.10384615384615385 0.12631578947368421
