2 0.60875 0.7736220472440944 0.4675 0.2874015748031496
2 0.635 0.5314960629921259 0.20500000000000002 0.14960629921259844
1 0.93625 0.4330708661417323 0.1125 0.6692913385826772
1 0.8625 0.46062992125984253 0.1 0.7322834645669292
1 0.7987500000000001 0.37598425196850394 0.0825 0.5551181102362205
3 0.7425 0.2440944881889764 0.08 0.22834645669291337
3 0.6950000000000001 0.26968503937007876 0.075 0.20078740157480315
1 0.5337500000000001 0.24606299212598426 0.0725 0.21653543307086615
1 0.35125 0.41929133858267714 0.0975 0.5787401574803149
1 0.20875 0.47834645669291337 0.2125 0.8622047244094488
