2 0.2742857142857143 0.49047619047619045 0.2571428571428571 0.15047619047619049
2 0.17285714285714285 0.4123809523809524 0.28285714285714286 0.1961904761904762
0 0.6042857142857143 0.4828571428571429 0.26571428571428574 0.3180952380952381
1 0.8042857142857143 0.35714285714285715 0.1742857142857143 0.5085714285714286
1 0.9421428571428572 0.33904761904761904 0.11571428571428571 0.6133333333333333
1 0.3964285714285714 0.3933333333333333 0.22142857142857142 0.7828571428571428
1 0.5514285714285714 0.2819047619047619 0.09714285714285714 0.4228571428571429
1 0.63 0.22095238095238096 0.10857142857142857 0.3504761904761905
0 0.19857142857142857 0.4085714285714286 0.14857142857142858 0.38285714285714284
1 0.12214285714285714 0.23047619047619047 0.09571428571428571 0.37333333333333335
3 0.19428571428571428 0.17809523809523808 0.09428571428571429 0.1961904761904762
0 0.4492857142857143 0.4533333333333333 0.25285714285714284 0.29333333333333333
