2 0.53 0.8573717948717948 0.45 0.16346153846153846
1 0.0575 0.6346153846153846 0.1 0.5
1 0.18 0.6474358974358975 0.15 0.5641025641025641
0 0.39125 0.6746794871794871 0.2175 0.22756410256410256
0 0.435 0.6794871794871795 0.18 0.5256410256410257
1 0.6012500000000001 0.48717948717948717 0.1125 0.532051282051282
1 0.66625 0.6009615384615384 0.1475 0.5993589743589743
3 0.6875 0.35096153846153844 0.12 0.23397435897435898
1 0.7725 0.5528846153846154 0.11 0.5737179487179487
1 0.9087500000000001 0.5881410256410257 0.1375 0.6185897435897436
3 0.755 0.24358974358974358 0.115 0.1794871794871795
3 0.08125 0.16185897435897437 0.1075 0.17628205128205127
3 0.07625 0.36858974358974356 0.11750000000000001 0.21794871794871795
