2 0.31184210526315786 0.7145669291338582 0.42894736842105263 0.2952755905511811
2 0.3671052631578947 0.468503937007874 0.5289473684210526 0.5669291338582677
2 0.7644736842105263 0.5590551181102362 0.37105263157894736 0.2125984251968504
2 0.8460526315789474 0.4448818897637795 0.18157894736842106 0.4251968503937008
1 0.8934210526315789 0.25393700787401574 0.08684210526315789 0.21653543307086615
1 0.9605263157894737 0.234251968503937 0.04736842105263158 0.17716535433070865
1 0.656578947368421 0.281496062992126 0.07631578947368421 0.2559055118110236
1 0.5578947368421052 0.28346456692913385 0.07894736842105263 0.2440944881889764
1 0.30526315789473685 0.2736220472440945 0.05789473684210526 0.24803149606299213
0 0.3526315789473684 0.36811023622047245 0.1631578947368421 0.32677165354330706
0 0.46710526315789475 0.3562992125984252 0.13421052631578947 0.2559055118110236
