2 0.388 0.7651098901098902 0.444 0.31043956043956045
1 0.853 0.43818681318681324 0.246 0.6895604395604397
1 0.796 0.29532967032967034 0.108 0.3983516483516484
1 0.6900000000000001 0.3777472527472528 0.152 0.6291208791208792
1 0.585 0.3241758241758242 0.094 0.38461538461538464
1 0.552 0.2568681318681319 0.08 0.35989010989010994
1 0.487 0.25412087912087916 0.05 0.42032967032967034
1 0.392 0.3337912087912088 0.188 0.5467032967032968
1 0.275 0.28571428571428575 0.134 0.4835164835164836
1 0.133 0.29120879120879123 0.13 0.5384615384615385
1 0.084 0.3653846153846154 0.156 0.7032967032967034
