2 0.538 0.7839999999999999 0.384 0.35733333333333334
2 0.893 0.576 0.214 0.25066666666666665
2 0.246 0.3933333333333333 0.08 0.09866666666666667
2 0.303 0.4493333333333333 0.186 0.16799999999999998
2 0.686 0.476 0.152 0.18933333333333333
2 0.768 0.43066666666666664 0.092 0.15733333333333333
1 0.037 0.36 0.07 0.2773333333333333
1 0.509 0.39466666666666667 0.122 0.4106666666666667
1 0.5640000000000001 0.34933333333333333 0.08 0.26666666666666666
1 0.799 0.31466666666666665 0.066 0.20266666666666666
1 0.882 0.3453333333333333 0.096 0.22133333333333333
1 0.68 0.30133333333333334 0.056 0.12266666666666666
