2 0.5866141732283464 0.7526315789473684 0.41732283464566927 0.2631578947368421
2 0.4271653543307087 0.7236842105263158 0.6968503937007874 0.5526315789473684
1 0.33661417322834647 0.22105263157894736 0.09842519685039369 0.43157894736842106
0 0.5 0.26052631578947366 0.10236220472440945 0.23684210526315788
0 0.6692913385826772 0.2868421052631579 0.08661417322834646 0.20526315789473684
0 0.6220472440944882 0.28421052631578947 0.06299212598425197 0.19999999999999998
1 0.25196850393700787 0.2263157894736842 0.10236220472440945 0.4105263157894737
1 0.07874015748031496 0.19999999999999998 0.06299212598425197 0.2736842105263158
1 0.11220472440944881 0.2236842105263158 0.05905511811023622 0.25789473684210523
1 0.03543307086614173 0.21842105263157893 0.06299212598425197 0.33157894736842103
