2 0.4941666666666667 0.7275 0.29500000000000004 0.24
2 0.4466666666666667 0.59 0.24000000000000002 0.145
1 0.21083333333333334 0.49625 0.14166666666666666 0.4525
1 0.35500000000000004 0.53625 0.11333333333333334 0.4375
1 0.4741666666666667 0.6012500000000001 0.13166666666666668 0.5925
0 0.6091666666666667 0.67 0.15166666666666667 0.46
1 0.6791666666666667 0.5962500000000001 0.135 0.5225
1 0.8533333333333334 0.58125 0.25 0.5625
3 0.07083333333333333 0.28250000000000003 0.09833333333333334 0.185
3 0.335 0.28500000000000003 0.09000000000000001 0.17500000000000002
3 0.4041666666666667 0.28 0.07500000000000001 0.17500000000000002
3 0.5383333333333333 0.23625000000000002 0.09333333333333334 0.2175
3 0.6241666666666668 0.3075 0.14166666666666666 0.225
3 0.675 0.21875 0.08333333333333334 0.1675
1 0.7583333333333334 0.26875 0.07666666666666667 0.2175
3 0.8675 0.18375 0.07833333333333334 0.1575
