2 0.50875 0.612781954887218 0.1075 0.18045112781954886
0 0.64125 0.4981203007518797 0.10250000000000001 0.3571428571428571
2 0.44125000000000003 0.5319548872180451 0.3125 0.24436090225563908
3 0.61375 0.09022556390977443 0.0675 0.16541353383458646
3 0.52 0.09210526315789473 0.11 0.16165413533834586
1 0.2675 0.268796992481203 0.12 0.4849624060150376
1 0.19375 0.37593984962406013 0.1275 0.5639097744360901
1 0.76875 0.6729323308270676 0.17250000000000001 0.5789473684210527
1 0.7825 0.3721804511278195 0.135 0.40601503759398494
3 0.8225 0.10902255639097744 0.09 0.15789473684210525
