2 0.21 0.6081871345029239 0.41200000000000003 0.5380116959064327
1 0.6960000000000001 0.5146198830409356 0.216 0.9590643274853801
1 0.808 0.4415204678362573 0.128 0.7309941520467835
1 0.892 0.391812865497076 0.10400000000000001 0.5497076023391813
1 0.596 0.4064327485380117 0.176 0.7894736842105263
1 0.39 0.39766081871345027 0.156 0.7017543859649122
1 0.258 0.3508771929824561 0.132 0.6666666666666666
1 0.47000000000000003 0.26900584795321636 0.068 0.32748538011695905
1 0.188 0.24269005847953215 0.048 0.2631578947368421
1 0.14200000000000002 0.24269005847953215 0.052000000000000005 0.27485380116959063
1 0.068 0.2309941520467836 0.08 0.2982456140350877
