1 0.15811373092926492 0.42376681614349776 0.1636615811373093 0.7443946188340808
2 0.717753120665742 0.7982062780269058 0.34257975034674065 0.40358744394618834
1 0.27323162274618584 0.484304932735426 0.09431345353675451 0.43946188340807174
1 0.4285714285714286 0.4103139013452915 0.09153952843273232 0.5246636771300448
1 0.5284327323162274 0.3957399103139013 0.12482662968099861 0.6390134529147982
1 0.6900138696255201 0.4013452914798206 0.14008321775312066 0.6547085201793722
1 0.6088765603328711 0.4069506726457399 0.08044382801664356 0.5448430493273543
1 0.3765603328710125 0.41591928251121074 0.059639389736477116 0.5
1 0.3342579750346741 0.4147982062780269 0.05825242718446602 0.5022421524663677
1 0.24549237170596394 0.41816143497757846 0.0638002773925104 0.45964125560538116
