2 0.5546666666666666 0.6484375 0.7093333333333333 0.40625
2 0.3933333333333333 0.6484375 0.27999999999999997 0.40625
1 0.20666666666666667 0.412109375 0.16266666666666665 0.73828125
0 0.5146666666666666 0.1484375 0.12266666666666666 0.2890625
0 0.3973333333333333 0.1484375 0.12266666666666666 0.2890625
0 0.6346666666666666 0.2890625 0.12266666666666666 0.2890625
0 0.6133333333333333 0.146484375 0.12266666666666666 0.28515625
0 0.7053333333333333 0.123046875 0.12533333333333332 0.23828125
0 0.7986666666666666 0.1328125 0.104 0.2421875
0 0.9226666666666666 0.12109375 0.144 0.234375
3 0.756 0.345703125 0.12533333333333332 0.18359375
3 0.868 0.341796875 0.12533333333333332 0.18359375
