1 0.0975 0.45992366412213737 0.19 0.9122137404580152
2 0.52 0.7958015267175572 0.71 0.40839694656488545
1 0.22 0.37404580152671757 0.125 0.5114503816793893
1 0.2975 0.37595419847328243 0.07 0.3244274809160305
1 0.35875 0.3912213740458015 0.0575 0.27099236641221375
1 0.4325 0.42748091603053434 0.05 0.16793893129770993
1 0.46625 0.366412213740458 0.0475 0.25190839694656486
1 0.51375 0.3683206106870229 0.0525 0.27099236641221375
1 0.5700000000000001 0.383587786259542 0.08 0.416030534351145
0 0.70875 0.4942748091603053 0.23750000000000002 0.5610687022900763
3 0.67875 0.20038167938931298 0.1825 0.36259541984732824
1 0.80625 0.3683206106870229 0.0575 0.27099236641221375
1 0.85375 0.3778625954198473 0.0575 0.26717557251908397
1 0.915 0.38167938931297707 0.065 0.22900763358778625
1 0.9525 0.3568702290076336 0.045 0.27862595419847325
1 0.9862500000000001 0.3797709923664122 0.0275 0.25572519083969464
