2 0.3893303064699205 0.8150000000000001 0.2746878547105562 0.24666666666666667
1 0.8688989784335982 0.5008333333333334 0.2531214528944381 0.9983333333333334
1 0.6515323496027241 0.4941666666666667 0.2633371169125993 0.9750000000000001
1 0.434733257661748 0.4516666666666667 0.15209988649262202 0.7466666666666667
1 0.5516458569807037 0.5033333333333334 0.09761634506242906 0.75
1 0.2224744608399546 0.4091666666666667 0.16799091940976163 0.4316666666666667
0 0.22360953461975028 0.7441666666666668 0.2633371169125993 0.325
0 0.11691259931895573 0.6050000000000001 0.049943246311010214 0.11
0 0.30419977298524403 0.62 0.049943246311010214 0.1
0 0.329738933030647 0.6166666666666667 0.0510783200908059 0.10666666666666667
