1 0.1375 0.47333333333333333 0.203 0.7306666666666667
2 0.49 0.8166666666666667 0.192 0.364
0 0.0365 0.318 0.07100000000000001 0.356
1 0.2925 0.27999999999999997 0.127 0.42133333333333334
0 0.328 0.6799999999999999 0.316 0.5573333333333333
0 0.62 0.742 0.272 0.516
0 0.6775 0.4373333333333333 0.211 0.3253333333333333
0 0.667 0.596 0.228 0.33599999999999997
0 0.538 0.33399999999999996 0.138 0.33466666666666667
1 0.746 0.3133333333333333 0.138 0.5866666666666667
1 0.844 0.22866666666666666 0.064 0.268
3 0.661 0.204 0.106 0.288
