2 0.526 0.6890756302521008 0.176 0.21288515406162464
1 0.795 0.4957983193277311 0.13 0.48739495798319327
1 0.762 0.40756302521008403 0.084 0.3557422969187675
1 0.269 0.41456582633053224 0.082 0.32492997198879553
1 0.53 0.37815126050420167 0.052000000000000005 0.24089635854341737
1 0.652 0.3865546218487395 0.052000000000000005 0.25210084033613445
1 0.6980000000000001 0.3753501400560224 0.048 0.22969187675070027
1 0.035 0.438375350140056 0.066 0.4565826330532213
1 0.068 0.43557422969187676 0.064 0.42857142857142855
1 0.139 0.4677871148459384 0.094 0.40896358543417366
0 0.378 0.5756302521008403 0.188 0.4733893557422969
0 0.616 0.5490196078431373 0.14400000000000002 0.5602240896358543
0 0.663 0.6582633053221288 0.166 0.2969187675070028
