2 0.48697394789579157 0.8522388059701492 0.4609218436873747 0.2955223880597015
0 0.3727454909819639 0.6179104477611941 0.25250501002004005 0.3641791044776119
0 0.7334669338677354 0.5567164179104478 0.3366733466933867 0.5044776119402985
0 0.313627254509018 0.31343283582089554 0.23847695390781562 0.3164179104477612
3 0.09118236472945891 0.24477611940298508 0.1783567134268537 0.4537313432835821
3 0.23647294589178355 0.11940298507462686 0.11623246492985971 0.19701492537313434
3 0.2975951903807615 0.11044776119402985 0.1222444889779559 0.21492537313432836
3 0.4288577154308617 0.11044776119402985 0.11222444889779558 0.208955223880597
3 0.6042084168336673 0.12238805970149254 0.10220440881763526 0.17313432835820897
3 0.6773547094188376 0.10597014925373134 0.1002004008016032 0.1880597014925373
3 0.7555110220440882 0.20597014925373133 0.17635270541082163 0.3582089552238806
1 0.9298597194388777 0.3597014925373134 0.1402805611222445 0.6955223880597015
1 0.48396793587174347 0.32537313432835824 0.13026052104208416 0.5671641791044776
