3 0.12708333333333333 0.10372960372960373 0.24583333333333332 0.20279720279720279
3 0.33958333333333335 0.08041958041958042 0.17083333333333334 0.1561771561771562
1 0.46458333333333335 0.15384615384615385 0.24583333333333332 0.30303030303030304
3 0.68125 0.10023310023310024 0.20416666666666666 0.1958041958041958
3 0.8208333333333333 0.43356643356643354 0.35833333333333334 0.62004662004662
0 0.6979166666666666 0.4149184149184149 0.2791666666666667 0.26573426573426573
0 0.48333333333333334 0.458041958041958 0.31666666666666665 0.3146853146853147
0 0.25416666666666665 0.4696969696969697 0.4166666666666667 0.351981351981352
0 0.18125 0.5233100233100233 0.3541666666666667 0.668997668997669
2 0.5729166666666666 0.7599067599067599 0.5208333333333334 0.3356643356643357
