1 0.3367647058823529 0.5026178010471205 0.3088235294117647 0.9947643979057592
2 0.6 0.7853403141361257 0.2588235294117647 0.4083769633507854
1 0.061764705882352944 0.42146596858638746 0.11764705882352941 0.4869109947643979
1 0.13088235294117648 0.2486910994764398 0.10294117647058823 0.47643979057591623
0 0.4102941176470588 0.36125654450261785 0.14411764705882352 0.47120418848167545
1 0.5882352941176471 0.39528795811518325 0.1588235294117647 0.6544502617801048
1 0.825 0.5680628272251309 0.19117647058823528 0.8638743455497383
1 0.7808823529411765 0.4136125654450262 0.10294117647058823 0.5863874345549739
1 0.7205882352941176 0.3010471204188482 0.1 0.4659685863874346
1 0.513235294117647 0.3167539267015707 0.08529411764705883 0.44502617801047123
1 0.41470588235294115 0.3010471204188482 0.10588235294117647 0.5706806282722513
