2 0.441 0.8092417061611376 0.486 0.36729857819905215
1 0.076 0.5189573459715641 0.148 0.46445497630331756
1 0.158 0.5 0.112 0.3412322274881517
1 0.391 0.5390995260663507 0.162 0.537914691943128
1 0.489 0.4774881516587678 0.106 0.38151658767772517
1 0.847 0.6007109004739337 0.218 0.7985781990521328
1 0.9400000000000001 0.46563981042654035 0.112 0.3767772511848341
0 0.7000000000000001 0.6789099526066351 0.176 0.47156398104265407
0 0.601 0.5651658767772513 0.146 0.31042654028436023
3 0.608 0.3779620853080569 0.076 0.11611374407582939
