2 0.5591216216216216 0.7239819004524888 0.21283783783783786 0.2895927601809955
3 0.08952702702702703 0.23303167420814483 0.0641891891891892 0.09502262443438915
3 0.13175675675675677 0.2647058823529412 0.033783783783783786 0.05882352941176471
3 0.22297297297297297 0.28506787330316746 0.08108108108108109 0.22624434389140274
0 0.3564189189189189 0.6063348416289593 0.30743243243243246 0.6787330316742082
1 0.5625 0.28280542986425344 0.04391891891891892 0.13122171945701358
3 0.6351351351351352 0.30316742081447967 0.060810810810810814 0.13574660633484165
0 0.6807432432432433 0.4321266968325792 0.11148648648648649 0.4479638009049774
1 0.7668918918918919 0.28506787330316746 0.0472972972972973 0.13574660633484165
1 0.8125 0.2895927601809955 0.04391891891891892 0.12669683257918554
1 0.875 0.36651583710407243 0.07432432432432433 0.2895927601809955
1 0.9797297297297298 0.28280542986425344 0.04054054054054054 0.14932126696832582
