2 0.6640127388535032 0.8408333333333334 0.3535031847133758 0.135
1 0.08492569002123142 0.39 0.16560509554140126 0.6733333333333333
1 0.1332271762208068 0.4041666666666667 0.0881104033970276 0.6383333333333334
1 0.2669851380042463 0.5008333333333334 0.17940552016985137 0.8383333333333334
1 0.428343949044586 0.5375000000000001 0.18577494692144372 0.8616666666666667
3 0.35934182590233543 0.17250000000000001 0.06687898089171974 0.115
3 0.39968152866242035 0.07333333333333333 0.08174097664543524 0.11
1 0.5228237791932059 0.325 0.1326963906581741 0.4733333333333334
0 0.5228237791932059 0.6975 0.16454352441613587 0.265
0 0.5966029723991507 0.6075 0.1762208067940552 0.675
1 0.7144373673036093 0.515 0.267515923566879 0.9633333333333334
1 0.8964968152866242 0.5116666666666667 0.1602972399150743 0.8633333333333334
3 0.8163481953290871 0.17416666666666666 0.06157112526539278 0.12166666666666667
