2 0.375 0.712143928035982 0.746 0.5757121439280359
0 0.686 0.3785607196401799 0.272 0.3373313343328336
0 0.366 0.4197901049475262 0.444 0.34782608695652173
3 0.374 0.2518740629685157 0.23600000000000002 0.1829085457271364
1 0.929 0.20914542728635682 0.14200000000000002 0.40629685157421286
1 0.912 0.15517241379310345 0.092 0.20239880059970014
1 0.795 0.1656671664167916 0.15 0.328335832083958
3 0.603 0.09895052473763118 0.214 0.19490254872563717
3 0.371 0.07946026986506746 0.202 0.15592203898050974
1 0.199 0.1686656671664168 0.15 0.33433283358320837
1 0.082 0.19565217391304346 0.16 0.38830584707646176
