1 0.07917888563049853 0.6477272727272727 0.15249266862170088 0.6863636363636363
1 0.29178885630498536 0.634090909090909 0.16715542521994134 0.7318181818181818
1 0.5674486803519062 0.4977272727272727 0.06744868035190615 0.35909090909090907
1 0.7536656891495601 0.7 0.1348973607038123 0.6
0 0.8900293255131965 0.575 0.10263929618768329 0.3409090909090909
1 0.8328445747800587 0.5886363636363636 0.08797653958944282 0.6227272727272727
1 0.7008797653958945 0.4727272727272727 0.04105571847507331 0.2909090909090909
1 0.6730205278592375 0.4909090909090909 0.04398826979472141 0.34545454545454546
1 0.6070381231671554 0.44545454545454544 0.04105571847507331 0.23636363636363636
1 0.5102639296187683 0.3886363636363636 0.04105571847507331 0.21363636363636362
1 0.46187683284457476 0.4386363636363636 0.07331378299120235 0.35
1 0.40615835777126097 0.44090909090909086 0.06158357771260997 0.3
1 0.3621700879765396 0.4318181818181818 0.04398826979472141 0.2909090909090909
2 0.21407624633431085 0.8181818181818181 0.08211143695014662 0.20909090909090908
