0 0.6653543307086615 0.767175572519084 0.33858267716535434 0.4564885496183206
1 0.15984251968503937 0.3465648854961832 0.14960629921259844 0.46106870229007635
1 0.5291338582677165 0.4946564885496183 0.2015748031496063 0.5862595419847328
1 0.7866141732283465 0.45114503816793894 0.12440944881889764 0.3190839694656489
1 0.6677165354330709 0.4099236641221374 0.10078740157480315 0.2641221374045801
1 0.39763779527559057 0.3412213740458015 0.07401574803149606 0.24885496183206107
1 0.46141732283464565 0.3549618320610687 0.09448818897637795 0.23969465648854962
1 0.3425196850393701 0.3412213740458015 0.08346456692913386 0.24885496183206107
1 0.284251968503937 0.31603053435114503 0.08031496062992126 0.24122137404580152
1 0.9149606299212598 0.43587786259541983 0.09448818897637795 0.23053435114503817
1 0.04094488188976378 0.28473282442748094 0.07874015748031496 0.2183206106870229
