2 0.5012987012987012 0.74 0.9194805194805195 0.1890909090909091
1 0.08051948051948052 0.4690909090909091 0.14545454545454545 0.3236363636363636
1 0.2584415584415584 0.42818181818181816 0.32987012987012987 0.5509090909090909
3 0.38571428571428573 0.44181818181818183 0.13766233766233765 0.4763636363636364
3 0.38701298701298703 0.19454545454545455 0.09350649350649351 0.07272727272727272
1 0.5051948051948052 0.41545454545454547 0.3142857142857143 0.4490909090909091
1 0.7701298701298701 0.42727272727272725 0.34545454545454546 0.43636363636363634
1 0.8363636363636363 0.41363636363636364 0.23376623376623376 0.5363636363636364
0 0.9142857142857143 0.5181818181818182 0.16103896103896104 0.18181818181818182
1 0.13506493506493505 0.4718181818181818 0.1038961038961039 0.30727272727272725
