1 0.061 0.3646864686468647 0.11800000000000001 0.636963696369637
1 0.187 0.3102310231023102 0.14200000000000002 0.5544554455445545
0 0.263 0.2755775577557756 0.074 0.4521452145214522
1 0.34600000000000003 0.3250825082508251 0.12 0.570957095709571
1 0.454 0.3201320132013201 0.096 0.6072607260726073
1 0.556 0.26897689768976896 0.112 0.5313531353135313
1 0.637 0.2838283828382838 0.138 0.5610561056105611
1 0.788 0.31353135313531355 0.092 0.5874587458745875
1 0.892 0.36963696369636967 0.12 0.6996699669966997
2 0.289 0.8778877887788779 0.466 0.24422442244224424
