2 0.6972477064220184 0.765 0.22629969418960244 0.15
2 0.172782874617737 0.745 0.25382262996941896 0.19
1 0.08868501529051988 0.505 0.0856269113149847 0.67
1 0.1926605504587156 0.5175 0.09785932721712538 0.645
1 0.3195718654434251 0.5475 0.09480122324159021 0.605
1 0.37155963302752293 0.535 0.08256880733944955 0.59
1 0.5351681957186545 0.555 0.12844036697247707 0.7000000000000001
1 0.6192660550458715 0.5275 0.08868501529051988 0.615
1 0.7003058103975536 0.5575 0.09174311926605505 0.705
1 0.8669724770642202 0.5275 0.21100917431192662 0.615
