2 0.667 0.7645631067961164 0.666 0.1844660194174757
1 0.126 0.6407766990291262 0.244 0.7184466019417475
1 0.316 0.3543689320388349 0.176 0.6213592233009708
1 0.793 0.33131067961165045 0.11 0.6043689320388349
1 0.9480000000000001 0.29975728155339804 0.10400000000000001 0.5946601941747572
3 0.652 0.18082524271844658 0.192 0.3519417475728155
3 0.801 0.762135922330097 0.338 0.4757281553398058
3 0.553 0.14563106796116504 0.138 0.28640776699029125
3 0.439 0.14199029126213591 0.122 0.26941747572815533
0 0.215 0.39441747572815533 0.166 0.366504854368932
0 0.495 0.5036407766990291 0.20600000000000002 0.4927184466019417
0 0.634 0.5958737864077669 0.252 0.5461165048543689
3 0.051000000000000004 0.17233009708737862 0.098 0.2233009708737864
