1 0.11458333333333333 0.5877659574468085 0.22083333333333333 0.8244680851063829
2 0.5833333333333334 0.7287234042553191 0.4583333333333333 0.26595744680851063
1 0.3125 0.5851063829787234 0.2 0.8297872340425532
1 0.5395833333333333 0.3457446808510638 0.19583333333333333 0.6595744680851063
0 0.8791666666666667 0.6968085106382979 0.23333333333333334 0.46808510638297873
0 0.7458333333333333 0.5611702127659575 0.225 0.324468085106383
1 0.9354166666666667 0.375 0.12916666666666665 0.6648936170212766
1 0.7583333333333333 0.23404255319148937 0.15833333333333333 0.4361702127659574
1 0.6354166666666666 0.24468085106382978 0.1125 0.4787234042553191
1 0.21458333333333332 0.4308510638297872 0.12916666666666665 0.6702127659574468
