2 0.47480106100795755 0.73046875 0.5994694960212201 0.40625
0 0.14058355437665782 0.501953125 0.27586206896551724 0.99609375
0 0.1883289124668435 0.453125 0.22811671087533156 0.53125
0 0.6525198938992042 0.59765625 0.2546419098143236 0.390625
0 0.46949602122015915 0.390625 0.21220159151193632 0.4140625
0 0.36604774535809015 0.7421875 0.3713527851458886 0.515625
1 0.7944297082228117 0.3125 0.17771883289124668 0.6171875
3 0.4668435013262599 0.111328125 0.2015915119363395 0.21484375
1 0.37267904509283817 0.296875 0.1246684350132626 0.5859375
1 0.3090185676392573 0.24609375 0.09283819628647215 0.484375
