2 0.07890070921985816 0.8597733711048159 0.15425531914893617 0.26345609065155806
2 0.2765957446808511 0.8640226628895185 0.2836879432624113 0.2719546742209632
1 0.020390070921985814 0.4971671388101983 0.03723404255319149 0.4050991501416431
1 0.11524822695035461 0.5254957507082153 0.05673758865248227 0.3824362606232295
0 0.16843971631205673 0.4178470254957507 0.06028368794326241 0.2237960339943343
1 0.2553191489361702 0.4957507082152975 0.09929078014184398 0.4419263456090652
1 0.2553191489361702 0.7577903682719547 0.10638297872340426 0.48441926345609065
0 0.36613475177304966 0.7152974504249292 0.17907801418439717 0.5694050991501417
1 0.5310283687943262 0.7351274787535411 0.22163120567375885 0.5297450424929179
3 0.36436170212765956 0.3611898016997167 0.06914893617021277 0.2067988668555241
3 0.4104609929078014 0.3838526912181303 0.06914893617021277 0.2351274787535411
3 0.5159574468085106 0.3526912181303116 0.1276595744680851 0.22946175637393768
0 0.6400709219858156 0.4985835694050992 0.05673758865248227 0.11331444759206799
1 0.6950354609929078 0.7096317280453258 0.14893617021276595 0.5807365439093485
1 0.8421985815602837 0.6912181303116147 0.15602836879432624 0.6175637393767706
3 0.7960992907801419 0.36402266288951846 0.08156028368794326 0.2691218130311615
1 0.9113475177304964 0.4376770538243626 0.09574468085106383 0.3654390934844193
