2 0.762 0.6973684210526315 0.196 0.26023391812865493
1 0.033 0.28654970760233917 0.062 0.5029239766081871
1 0.109 0.283625730994152 0.082 0.5029239766081871
1 0.20500000000000002 0.2675438596491228 0.098 0.5175438596491228
1 0.316 0.27485380116959063 0.084 0.4853801169590643
1 0.417 0.2850877192982456 0.10200000000000001 0.4941520467836257
1 0.523 0.27192982456140347 0.10200000000000001 0.49707602339181284
1 0.61 0.2704678362573099 0.10400000000000001 0.5
1 0.721 0.26608187134502925 0.11800000000000001 0.4619883040935672
1 0.8280000000000001 0.2704678362573099 0.08 0.48245614035087714
1 0.925 0.2763157894736842 0.114 0.4941520467836257
