2 0.61328125 0.828125 0.39322916666666663 0.2421875
1 0.28559027777777773 0.49869791666666663 0.3489583333333333 0.9947916666666666
1 0.19357638888888887 0.5364583333333333 0.1736111111111111 0.7890625
0 0.5746527777777778 0.5553385416666666 0.18055555555555555 0.8033854166666666
0 0.45963541666666663 0.5436197916666666 0.13975694444444445 0.73828125
1 0.8667534722222222 0.501953125 0.2109375 0.8736979166666666
1 0.7348090277777778 0.4602864583333333 0.1796875 0.91796875
3 0.6779513888888888 0.16276041666666666 0.059027777777777776 0.11979166666666666
3 0.6063368055555555 0.162109375 0.049479166666666664 0.09244791666666666
3 0.5386284722222222 0.154296875 0.06684027777777778 0.10286458333333333
0 0.06684027777777778 0.6569010416666666 0.11805555555555555 0.48307291666666663
3 0.03732638888888889 0.2805989583333333 0.07291666666666666 0.29557291666666663
3 0.07638888888888888 0.208984375 0.059027777777777776 0.12109375
3 0.15494791666666666 0.109375 0.05989583333333333 0.12760416666666666
3 0.16883680555555555 0.20703125 0.056423611111111105 0.09635416666666666
3 0.2582465277777778 0.20572916666666666 0.056423611111111105 0.09635416666666666
3 0.44140625 0.0859375 0.056423611111111105 0.09635416666666666
3 0.49435763888888884 0.09505208333333333 0.056423611111111105 0.09635416666666666
3 0.6549479166666666 0.049479166666666664 0.056423611111111105 0.09635416666666666
3 0.9396701388888888 0.05859375 0.056423611111111105 0.09635416666666666
3 0.9578993055555555 0.4609375 0.056423611111111105 0.09635416666666666
