2 0.5 0.7104072398190046 0.2271186440677966 0.2714932126696833
1 0.04915254237288135 0.46606334841628966 0.09152542372881356 0.3619909502262444
1 0.16610169491525423 0.5656108597285069 0.10847457627118644 0.42533936651583715
1 0.25254237288135595 0.5633484162895928 0.11864406779661017 0.5203619909502263
1 0.3644067796610169 0.5339366515837105 0.11864406779661017 0.38914027149321273
1 0.47966101694915253 0.5113122171945702 0.09152542372881356 0.3438914027149322
3 0.6101694915254237 0.4366515837104073 0.04745762711864407 0.14027149321266968
3 0.6542372881355932 0.45022624434389147 0.04745762711864407 0.11312217194570137
1 0.8661016949152542 0.5407239819004526 0.11864406779661017 0.4479638009049774
0 0.6084745762711864 0.6651583710407241 0.11864406779661017 0.2081447963800905
