2 0.38875 0.7914798206278026 0.3125 0.19282511210762332
0 0.63 0.6143497757847534 0.13 0.32286995515695066
0 0.505 0.5896860986547086 0.115 0.3183856502242152
0 0.35375 0.5515695067264574 0.1275 0.33183856502242154
1 0.19875 0.47757847533632286 0.11750000000000001 0.5874439461883408
1 0.33875 0.2645739910313901 0.0525 0.31390134529147984
1 0.2975 0.2645739910313901 0.045 0.2600896860986547
3 0.19125 0.14798206278026907 0.0975 0.25112107623318386
1 0.74875 0.5582959641255605 0.11750000000000001 0.8116591928251121
1 0.86 0.30269058295964124 0.09 0.3632286995515695
1 0.67375 0.29596412556053814 0.0625 0.32286995515695066
