3 0.8603174603174604 0.240625 0.12698412698412698 0.24375000000000002
0 0.8031746031746032 0.55625 0.19682539682539682 0.525
1 0.7444444444444445 0.44062500000000004 0.09841269841269841 0.6937500000000001
0 0.5873015873015873 0.340625 0.10793650793650794 0.25625000000000003
1 0.4984126984126984 0.290625 0.06984126984126984 0.34375
1 0.38412698412698415 0.484375 0.12698412698412698 0.7562500000000001
0 0.30634920634920637 0.55 0.10476190476190476 0.5625
1 0.23333333333333334 0.45 0.12380952380952381 0.7375
1 0.06349206349206349 0.296875 0.050793650793650794 0.16875
0 0.5952380952380952 0.5750000000000001 0.1111111111111111 0.2
0 0.4793650793650794 0.64375 0.12063492063492064 0.36250000000000004
2 0.6158730158730159 0.7562500000000001 0.19047619047619047 0.3125
