2 0.532 0.6054216867469879 0.41600000000000004 0.3795180722891566
2 0.706 0.5978915662650602 0.228 0.23795180722891568
1 0.753 0.3569277108433735 0.098 0.3704819277108434
1 0.844 0.40813253012048195 0.08 0.3102409638554217
1 0.67 0.3885542168674699 0.076 0.31927710843373497
1 0.431 0.29819277108433734 0.178 0.5903614457831325
1 0.17 0.33433734939759036 0.128 0.536144578313253
1 0.06 0.3870481927710844 0.048 0.21987951807228917
1 0.098 0.39006024096385544 0.052000000000000005 0.21987951807228917
1 0.024 0.3704819277108434 0.044 0.21686746987951808
1 0.222 0.4171686746987952 0.04 0.16566265060240964
1 0.28700000000000003 0.40813253012048195 0.042 0.15963855421686748
1 0.31 0.41566265060240964 0.028 0.14457831325301207
1 0.35000000000000003 0.4036144578313253 0.04 0.1746987951807229
0 0.268 0.4307228915662651 0.04 0.12650602409638556
