1 0.16375 0.5018796992481203 0.2575 0.9962406015037594
2 0.4225 0.7951127819548872 0.195 0.40977443609022557
1 0.26875 0.42669172932330823 0.1225 0.8157894736842105
1 0.335 0.4172932330827067 0.095 0.5639097744360901
0 0.4175 0.4172932330827067 0.11 0.41353383458646614
0 0.5175 0.6390977443609023 0.275 0.3383458646616541
0 0.58375 0.5037593984962405 0.2775 0.631578947368421
1 0.7375 0.42293233082706766 0.115 0.6278195488721804
1 0.7975 0.39285714285714285 0.105 0.5827067669172932
1 0.8675 0.41353383458646614 0.135 0.8195488721804511
