2 0.3985943775100401 0.7922077922077922 0.2751004016064257 0.2337662337662338
1 0.9226907630522088 0.573051948051948 0.1546184738955823 0.8538961038961039
1 0.7429718875502007 0.5551948051948052 0.1004016064257028 0.6038961038961039
1 0.6626506024096385 0.4983766233766234 0.11244979919678713 0.4642857142857143
1 0.8072289156626505 0.47240259740259744 0.06024096385542168 0.3928571428571429
1 0.8222891566265059 0.42694805194805197 0.03413654618473895 0.19805194805194806
1 0.4829317269076305 0.43019480519480524 0.06626506024096385 0.23701298701298704
1 0.3403614457831325 0.4983766233766234 0.07831325301204818 0.3928571428571429
1 0.14156626506024095 0.6071428571428572 0.13855421686746985 0.6948051948051949
1 0.053212851405622486 0.5892857142857143 0.10240963855421686 0.801948051948052
1 0.20983935742971885 0.44318181818181823 0.05421686746987951 0.25
1 0.2771084337349397 0.4350649350649351 0.048192771084337345 0.18181818181818182
1 0.5451807228915662 0.42370129870129875 0.03012048192771084 0.13311688311688313
1 0.5722891566265059 0.4155844155844156 0.028112449799196783 0.12337662337662339
1 0.5963855421686747 0.43668831168831174 0.03614457831325301 0.1590909090909091
0 0.41767068273092367 0.6298701298701299 0.18473895582329317 0.27272727272727276
0 0.5411646586345381 0.6590909090909092 0.10240963855421686 0.24025974025974028
0 0.6084337349397589 0.6590909090909092 0.15261044176706826 0.36363636363636365
