2 0.5689655172413793 0.6838235294117647 0.3166144200626959 0.6225490196078431
0 0.3166144200626959 0.6593137254901961 0.3448275862068965 0.6813725490196079
0 0.7633228840125391 0.5147058823529411 0.2476489028213166 0.8529411764705882
0 0.896551724137931 0.4681372549019608 0.16927899686520376 0.6225490196078431
1 0.09247648902821316 0.4485294117647059 0.1786833855799373 0.8872549019607843
1 0.45768025078369906 0.3872549019607843 0.20689655172413793 0.7156862745098039
0 0.6191222570532915 0.42401960784313725 0.1974921630094044 0.4852941176470588
1 0.3448275862068965 0.1446078431372549 0.08150470219435736 0.27941176470588236
1 0.9467084639498432 0.125 0.08150470219435736 0.24019607843137256
1 0.9702194357366771 0.1715686274509804 0.05956112852664577 0.3333333333333333
