1 0.11375 0.3716666666666667 0.2225 0.7366666666666667
1 0.31125 0.2816666666666667 0.1675 0.5566666666666668
1 0.365 0.21166666666666667 0.105 0.4166666666666667
1 0.46625 0.21000000000000002 0.1125 0.4133333333333334
1 0.495 0.10666666666666667 0.06 0.2066666666666667
1 0.6175 0.19 0.115 0.37333333333333335
1 0.73 0.17666666666666667 0.085 0.3466666666666667
1 0.8150000000000001 0.18333333333333335 0.09 0.36000000000000004
1 0.92125 0.17833333333333334 0.1075 0.35000000000000003
2 0.48125 0.6533333333333333 0.28750000000000003 0.43333333333333335
