2 0.7150000000000001 0.8300000000000001 0.33666666666666667 0.19
1 0.13833333333333334 0.6175 0.18666666666666668 0.615
1 0.21000000000000002 0.55375 0.08 0.3875
1 0.29583333333333334 0.62125 0.115 0.6175
1 0.3925 0.6 0.16166666666666668 0.66
1 0.44583333333333336 0.64375 0.14166666666666666 0.5725
1 0.5675 0.62875 0.135 0.5975
1 0.6766666666666667 0.6025 0.14 0.635
1 0.8525 0.61625 0.11833333333333335 0.5775
1 0.7875000000000001 0.54125 0.07500000000000001 0.41250000000000003
1 0.7458333333333333 0.5437500000000001 0.09166666666666667 0.4525
