2 0.679 0.785377358490566 0.306 0.2122641509433962
2 0.716 0.8466981132075472 0.296 0.17452830188679244
1 0.10400000000000001 0.4716981132075472 0.16 0.9339622641509434
1 0.24 0.5165094339622641 0.12 0.8160377358490566
0 0.601 0.5919811320754716 0.146 0.6839622641509434
0 0.493 0.5872641509433962 0.126 0.47641509433962265
0 0.6920000000000001 0.6580188679245282 0.168 0.2783018867924528
0 0.9400000000000001 0.6485849056603773 0.12 0.44811320754716977
0 0.858 0.6674528301886792 0.116 0.4386792452830188
0 0.744 0.5495283018867925 0.10400000000000001 0.37264150943396224
3 0.493 0.16037735849056603 0.122 0.3113207547169811
3 0.335 0.1792452830188679 0.17 0.3490566037735849
