2 0.34 0.34121621621621623 0.215 0.2702702702702703
0 0.18 0.28885135135135137 0.165 0.3952702702702703
3 0.22125 0.08783783783783784 0.11750000000000001 0.16891891891891891
1 0.06 0.18412162162162163 0.11 0.3614864864864865
2 0.855 0.75 0.17500000000000002 0.20945945945945948
0 0.9025 0.5962837837837838 0.115 0.21283783783783786
1 0.965 0.4712837837837838 0.055 0.30743243243243246
1 0.9137500000000001 0.40540540540540543 0.0375 0.16216216216216217
1 0.86625 0.43412162162162166 0.0475 0.19932432432432434
1 0.81 0.4206081081081081 0.035 0.13851351351351351
1 0.7725 0.41047297297297297 0.045 0.18581081081081083
