2 0.6566666666666667 0.5919324577861164 0.49333333333333335 0.15947467166979362
0 0.9216666666666667 0.5112570356472795 0.15666666666666668 0.2870544090056285
0 0.6983333333333334 0.4437148217636023 0.26333333333333336 0.1669793621013133
0 0.29000000000000004 0.551594746716698 0.38 0.37523452157598497
0 0.21833333333333335 0.4352720450281426 0.25 0.19887429643527205
0 0.10500000000000001 0.4230769230769231 0.20333333333333334 0.35834896810506567
1 0.34500000000000003 0.24953095684803 0.12333333333333334 0.2176360225140713
1 0.4683333333333334 0.2767354596622889 0.12333333333333334 0.27204502814258913
1 0.6383333333333334 0.2598499061913696 0.11666666666666667 0.17448405253283303
1 0.7783333333333334 0.2523452157598499 0.11666666666666667 0.19324577861163228
1 0.9583333333333334 0.2354596622889306 0.08333333333333334 0.17073170731707318
