1 0.08095238095238096 0.3466666666666667 0.12 0.6866666666666668
2 0.5380952380952381 0.6566666666666667 0.3980952380952381 0.21333333333333335
3 0.058095238095238096 0.4366666666666667 0.11238095238095239 0.7200000000000001
1 0.25047619047619046 0.27666666666666667 0.07428571428571429 0.49333333333333335
1 0.15714285714285714 0.27666666666666667 0.04 0.28
1 0.12095238095238095 0.30833333333333335 0.06666666666666667 0.5900000000000001
1 0.1838095238095238 0.17500000000000002 0.04380952380952381 0.27666666666666667
1 0.1657142857142857 0.11666666666666667 0.05333333333333333 0.2
1 0.31238095238095237 0.29000000000000004 0.0838095238095238 0.5
1 0.3628571428571429 0.26 0.07047619047619047 0.5
1 0.4542857142857143 0.26833333333333337 0.07809523809523809 0.49000000000000005
1 0.5819047619047619 0.3016666666666667 0.07809523809523809 0.5033333333333334
1 0.5152380952380953 0.27 0.06285714285714286 0.48000000000000004
1 0.6980952380952381 0.21333333333333335 0.05523809523809524 0.30000000000000004
