2 0.43109540636042404 0.8382352941176471 0.28975265017667845 0.3
3 0.06007067137809187 0.44705882352941173 0.07773851590106007 0.36470588235294116
3 0.13250883392226148 0.4441176470588235 0.12367491166077739 0.45294117647058824
0 0.26855123674911663 0.5911764705882353 0.1978798586572438 0.6294117647058823
0 0.5530035335689046 0.7147058823529412 0.30035335689045933 0.5705882352941176
3 0.21908127208480566 0.2323529411764706 0.10600706713780919 0.2647058823529412
1 0.38162544169611307 0.3735294117647059 0.10600706713780919 0.6058823529411764
3 0.5176678445229682 0.24705882352941178 0.16607773851590105 0.38823529411764707
1 0.6236749116607774 0.2852941176470588 0.053003533568904596 0.40588235294117647
1 0.7332155477031802 0.47058823529411764 0.1872791519434629 0.9294117647058824
