2 0.543 0.7762803234501348 0.254 0.4474393530997305
1 0.111 0.3369272237196766 0.21 0.6684636118598383
1 0.218 0.15229110512129382 0.088 0.2991913746630728
1 0.289 0.11725067385444744 0.058 0.20754716981132076
1 0.248 0.08355795148247978 0.04 0.15094339622641512
1 0.334 0.2129380053908356 0.112 0.3881401617250674
1 0.39 0.20754716981132076 0.076 0.3557951482479785
1 0.434 0.17789757412398924 0.064 0.30188679245283023
1 0.484 0.2196765498652291 0.08 0.39083557951482484
1 0.5640000000000001 0.2816711590296496 0.12 0.5471698113207547
1 0.656 0.2830188679245283 0.112 0.46361185983827496
1 0.916 0.2695417789757413 0.132 0.5336927223719676
0 0.735 0.4973045822102426 0.258 0.30458221024258764
3 0.8160000000000001 0.16576819407008087 0.116 0.22371967654986524
3 0.733 0.15094339622641512 0.11 0.28571428571428575
3 0.778 0.14016172506738545 0.092 0.24797843665768196
