1 0.13157894736842105 0.5541586073500967 0.2593984962406015 0.8916827852998066
2 0.5018796992481203 0.7562862669245648 0.26691729323308266 0.2514506769825919
1 0.3430451127819549 0.425531914893617 0.12593984962406013 0.2553191489361702
0 0.35620300751879697 0.6798839458413927 0.3026315789473684 0.4506769825918762
1 0.20676691729323307 0.4864603481624758 0.10150375939849623 0.4622823984526112
1 0.47368421052631576 0.44874274661508706 0.12406015037593984 0.2940038684719536
1 0.5479323308270676 0.3945841392649903 0.09210526315789473 0.27852998065764023
1 0.756578947368421 0.41392649903288203 0.07706766917293233 0.35589941972920697
0 0.681390977443609 0.7263056092843327 0.2274436090225564 0.3307543520309478
3 0.36466165413533835 0.3056092843326886 0.13157894736842105 0.1276595744680851
