2 0.725 0.7844827586206896 0.505 0.33448275862068966
0 0.18875 0.5844827586206897 0.2175 0.4793103448275862
1 0.35875 0.2603448275862069 0.10250000000000001 0.4517241379310345
1 0.4525 0.24310344827586206 0.11 0.3620689655172414
1 0.7125 0.26206896551724135 0.115 0.4482758620689655
1 0.86375 0.296551724137931 0.1525 0.5586206896551724
1 0.81875 0.24482758620689654 0.1075 0.4482758620689655
1 0.96375 0.2482758620689655 0.0725 0.4413793103448276
0 0.435 0.5844827586206897 0.35000000000000003 0.5689655172413793
0 0.68625 0.5224137931034483 0.2725 0.3758620689655172
