2 0.545 0.7687687687687688 0.582 0.25225225225225223
1 0.868 0.33483483483483484 0.1 0.47147147147147145
1 0.909 0.2807807807807808 0.08600000000000001 0.43543543543543545
1 0.705 0.26726726726726724 0.11 0.39039039039039036
1 0.617 0.33183183183183185 0.146 0.5735735735735735
1 0.454 0.31981981981981983 0.14400000000000002 0.5855855855855856
1 0.166 0.4954954954954955 0.328 0.9729729729729729
1 0.798 0.2702702702702703 0.1 0.3003003003003003
3 0.317 0.24474474474474475 0.114 0.23123123123123124
3 0.192 0.18768768768768768 0.10400000000000001 0.3333333333333333
0 0.265 0.5705705705705706 0.162 0.4024024024024024
0 0.382 0.506006006006006 0.168 0.35135135135135137
