2 0.593 0.6432748538011696 0.522 0.38011695906432746
1 0.192 0.41666666666666663 0.116 0.587719298245614
1 0.111 0.49122807017543857 0.082 0.29239766081871343
1 0.28300000000000003 0.46929824561403505 0.066 0.35964912280701755
1 0.392 0.45614035087719296 0.1 0.4152046783625731
1 0.47800000000000004 0.44298245614035087 0.052000000000000005 0.20175438596491227
1 0.709 0.48391812865497075 0.05 0.2777777777777778
1 0.765 0.46637426900584794 0.054 0.3187134502923976
1 0.833 0.4809941520467836 0.074 0.3362573099415205
3 0.648 0.3786549707602339 0.092 0.19005847953216373
3 0.544 0.35964912280701755 0.096 0.19298245614035087
