2 0.42527173913043476 0.58 0.26902173913043476 0.2727272727272727
3 0.7241847826086957 0.6327272727272727 0.4320652173913043 0.41818181818181815
1 0.7092391304347826 0.21818181818181817 0.27717391304347827 0.43272727272727274
3 0.34103260869565216 0.06727272727272728 0.18206521739130435 0.13090909090909092
3 0.264945652173913 0.07181818181818182 0.14945652173913043 0.14
0 0.266304347826087 0.5054545454545455 0.5271739130434783 0.8072727272727273
0 0.25815217391304346 0.48545454545454547 0.358695652173913 0.4109090909090909
1 0.9198369565217391 0.2672727272727273 0.16032608695652173 0.5309090909090909
1 0.5625 0.09545454545454546 0.05434782608695652 0.1290909090909091
1 0.5027173913043478 0.09545454545454546 0.07608695652173914 0.10363636363636364
3 0.12228260869565218 0.06636363636363636 0.10326086956521739 0.1
