2 0.35500000000000004 0.7266536964980544 0.5433333333333333 0.1926070038910506
1 0.08750000000000001 0.4056420233463035 0.1716666666666667 0.4649805447470817
1 0.2325 0.36284046692607 0.14166666666666666 0.4066147859922179
1 0.34500000000000003 0.377431906614786 0.15000000000000002 0.45525291828793774
1 0.45833333333333337 0.3638132295719844 0.18000000000000002 0.45914396887159536
1 0.7033333333333334 0.5038910505836576 0.25 0.9922178988326849
1 0.8366666666666667 0.31809338521400776 0.15000000000000002 0.5622568093385214
1 0.91 0.27626459143968873 0.08 0.32684824902723736
1 0.9650000000000001 0.2908560311284047 0.07 0.5116731517509727
1 0.61 0.3540856031128405 0.12666666666666668 0.48638132295719844
