0 0.196 0.484984984984985 0.388 0.963963963963964
2 0.5690000000000001 0.6891891891891891 0.482 0.5855855855855856
0 0.493 0.38738738738738737 0.194 0.4084084084084084
0 0.706 0.5015015015015015 0.244 0.5285285285285285
1 0.937 0.6321321321321322 0.126 0.7237237237237237
0 0.291 0.5570570570570571 0.23800000000000002 0.43543543543543545
1 0.40800000000000003 0.22822822822822822 0.088 0.36036036036036034
1 0.534 0.16966966966966968 0.108 0.3333333333333333
3 0.5710000000000001 0.11861861861861862 0.058 0.23123123123123124
3 0.648 0.16066066066066065 0.124 0.3153153153153153
3 0.78 0.16666666666666666 0.17200000000000001 0.32732732732732733
