2 0.6390041493775933 0.8226256983240223 0.3941908713692946 0.2709497206703911
0 0.5269709543568465 0.5782122905027933 0.19917012448132781 0.335195530726257
1 0.6037344398340249 0.4092178770949721 0.13692946058091288 0.48324022346368717
1 0.7479253112033195 0.4608938547486034 0.08091286307053942 0.39664804469273746
1 0.7147302904564315 0.3994413407821229 0.08091286307053942 0.41899441340782123
1 0.35477178423236516 0.43156424581005587 0.0954356846473029 0.5223463687150838
1 0.2842323651452282 0.47346368715083803 0.12863070539419086 0.6731843575418994
1 0.08921161825726141 0.5418994413407822 0.17427385892116182 0.9162011173184358
1 0.16390041493775934 0.5153631284916201 0.12033195020746888 0.723463687150838
0 0.42531120331950206 0.36731843575418993 0.08298755186721991 0.29329608938547486
0 0.47717842323651455 0.3547486033519553 0.07883817427385892 0.223463687150838
