1 0.7344444444444445 0.5275000000000001 0.33555555555555555 0.7250000000000001
1 0.38 0.39916666666666667 0.32 0.625
1 0.2011111111111111 0.18166666666666667 0.14444444444444443 0.2866666666666667
1 0.05444444444444444 0.1 0.10444444444444445 0.19666666666666668
3 0.8622222222222222 0.23833333333333334 0.22666666666666666 0.2966666666666667
3 0.56 0.21750000000000003 0.1511111111111111 0.24166666666666667
3 0.31777777777777777 0.09000000000000001 0.12 0.12666666666666668
1 0.6788888888888889 0.1 0.04666666666666667 0.11
1 0.6488888888888888 0.10333333333333335 0.04 0.09000000000000001
1 0.95 0.20750000000000002 0.1 0.155
