2 0.5290909090909091 0.5653753026634383 0.11272727272727273 0.18159806295399517
1 0.04 0.4261501210653753 0.07636363636363637 0.4213075060532688
1 0.12181818181818181 0.4152542372881356 0.08363636363636363 0.36077481840193704
1 0.38636363636363635 0.4394673123486683 0.1509090909090909 0.4673123486682809
1 0.5145454545454545 0.41041162227602906 0.08363636363636363 0.3268765133171913
1 0.6127272727272727 0.4539951573849879 0.11636363636363636 0.4576271186440678
1 0.7009090909090909 0.45278450363196127 0.07818181818181819 0.34866828087167073
1 0.7709090909090909 0.450363196125908 0.08 0.324455205811138
1 0.83 0.42372881355932207 0.10727272727272727 0.33898305084745767
3 0.8827272727272727 0.5569007263922519 0.23454545454545456 0.8619854721549637
1 0.28363636363636363 0.42009685230024213 0.06545454545454546 0.3753026634382567
