2 0.5996835443037974 0.7087378640776698 0.370253164556962 0.2815533980582524
0 0.0680379746835443 0.3932038834951456 0.12974683544303797 0.5339805825242718
1 0.1360759493670886 0.28640776699029125 0.09493670886075949 0.4368932038834951
1 0.1962025316455696 0.279126213592233 0.06962025316455696 0.3252427184466019
1 0.2563291139240506 0.27184466019417475 0.06962025316455696 0.33009708737864074
1 0.33544303797468356 0.3228155339805825 0.056962025316455694 0.2087378640776699
1 0.30537974683544306 0.23543689320388347 0.060126582278481014 0.3349514563106796
3 0.3686708860759494 0.19902912621359223 0.07278481012658228 0.27184466019417475
1 0.4272151898734177 0.28398058252427183 0.06962025316455696 0.34466019417475724
1 0.5427215189873418 0.34708737864077666 0.14240506329113925 0.4902912621359223
1 0.6787974683544303 0.3058252427184466 0.10443037974683544 0.45631067961165045
1 0.805379746835443 0.29854368932038833 0.06645569620253164 0.3932038834951456
1 0.8591772151898734 0.30339805825242716 0.06645569620253164 0.37378640776699024
1 0.9113924050632911 0.3495145631067961 0.12658227848101267 0.5436893203883495
