0 0.213125 0.5140977443609023 0.14875 0.18984962406015038
0 0.333125 0.4840225563909774 0.10125 0.212406015037594
1 0.8200000000000001 0.4699248120300752 0.0725 0.36466165413533835
0 0.439375 0.4840225563909774 0.08625000000000001 0.17857142857142855
0 0.545 0.48026315789473684 0.1225 0.2763157894736842
1 0.7831250000000001 0.37969924812030076 0.07625 0.2593984962406015
1 0.851875 0.2650375939849624 0.03375 0.13909774436090225
1 0.88875 0.24718045112781953 0.02 0.08834586466165413
1 0.87625 0.2575187969924812 0.025 0.09022556390977443
1 0.9275 0.25469924812030076 0.03 0.09210526315789473
1 0.90625 0.25281954887218044 0.03 0.09962406015037593
1 0.9575 0.25187969924812026 0.03 0.10902255639097744
1 0.9875 0.28853383458646614 0.025 0.13721804511278196
