2 0.316 0.5666666666666667 0.14400000000000002 0.19466666666666665
3 0.6970000000000001 0.6186666666666667 0.166 0.208
1 0.179 0.3893333333333333 0.078 0.368
0 0.328 0.45599999999999996 0.10400000000000001 0.17066666666666666
1 0.4 0.4693333333333333 0.084 0.37866666666666665
1 0.458 0.45199999999999996 0.08 0.36533333333333334
0 0.585 0.536 0.17400000000000002 0.37866666666666665
0 0.737 0.512 0.186 0.33599999999999997
1 0.762 0.2826666666666667 0.092 0.4106666666666667
0 0.6920000000000001 0.21866666666666665 0.068 0.16533333333333333
