2 0.44066570188133136 0.7252851711026616 0.4529667149059334 0.24904942965779467
1 0.07163531114327061 0.3935361216730038 0.14037626628075253 0.5931558935361216
1 0.22575976845151952 0.29277566539923955 0.12735166425470332 0.4372623574144487
1 0.38205499276411 0.314638783269962 0.10709117221418234 0.3821292775665399
1 0.46020260492040516 0.2652091254752852 0.05788712011577424 0.24904942965779467
0 0.5499276410998553 0.25 0.06657018813314038 0.1806083650190114
1 0.6396526772793053 0.2338403041825095 0.04341534008683068 0.1482889733840304
0 0.6780028943560057 0.23954372623574144 0.04775687409551375 0.13688212927756654
0 0.6866859623733719 0.7062737642585551 0.2735166425470333 0.3517110266159696
0 0.8900144717800289 0.6511406844106464 0.17945007235890012 0.30228136882129275
1 0.918958031837916 0.3488593155893536 0.11287988422575976 0.435361216730038
1 0.8465991316931982 0.33365019011406843 0.11287988422575976 0.4049429657794677
1 0.7821997105643994 0.27756653992395436 0.07670043415340086 0.25475285171102663
3 0.7366136034732271 0.19961977186311786 0.04052098408104197 0.060836501901140684
3 0.40520984081041966 0.1606463878326996 0.04052098408104197 0.051330798479087454
