2 0.557 0.41529235382308843 0.202 0.14692653673163417
1 0.8240000000000001 0.34707646176911544 0.352 0.5022488755622189
1 0.07200000000000001 0.12368815592203898 0.132 0.24437781109445278
1 0.222 0.1394302848575712 0.14 0.2368815592203898
1 0.34800000000000003 0.18365817091454273 0.128 0.24437781109445278
1 0.467 0.19790104947526235 0.13 0.24587706146926536
3 0.451 0.12968515742128936 0.078 0.11544227886056971
1 0.5710000000000001 0.18440779610194902 0.07 0.15892053973013492
1 0.621 0.21139430284857572 0.11800000000000001 0.2128935532233883
1 0.673 0.239880059970015 0.134 0.23088455772113942
1 0.783 0.2653673163418291 0.126 0.25487256371814093
1 0.74 0.239880059970015 0.116 0.21589205397301348
