2 0.492 0.70016077170418 0.624 0.4517684887459807
0 0.376 0.4815112540192926 0.464 0.38102893890675243
1 0.095 0.182475884244373 0.186 0.3617363344051447
1 0.165 0.1752411575562701 0.15 0.2572347266881029
1 0.28800000000000003 0.18569131832797428 0.176 0.36816720257234725
1 0.419 0.15514469453376206 0.13 0.3070739549839228
1 0.46900000000000003 0.12218649517684887 0.082 0.2090032154340836
1 0.558 0.13665594855305466 0.112 0.27009646302250806
1 0.651 0.12299035369774919 0.07 0.2427652733118971
1 0.8 0.08118971061093247 0.088 0.15916398713826366
