2 0.36477272727272725 0.540885860306644 0.31136363636363634 0.08347529812606473
2 0.896590909090909 0.45315161839863716 0.10227272727272727 0.05110732538330494
2 0.9659090909090908 0.4122657580919932 0.06818181818181818 0.0919931856899489
2 0.7977272727272727 0.4045996592844974 0.10454545454545454 0.07325383304940375
2 0.3840909090909091 0.42248722316865417 0.07727272727272727 0.09540034071550256
2 0.2284090909090909 0.38245315161839866 0.08409090909090909 0.039182282793867124
2 0.3215909090909091 0.44718909710391824 0.08409090909090909 0.10732538330494037
1 0.11363636363636363 0.489778534923339 0.1909090909090909 0.4991482112436116
0 0.5863636363636363 0.35519591141396933 0.06818181818181818 0.03577512776831346
0 0.3045454545454545 0.36712095400340716 0.07272727272727272 0.09028960817717206
