2 0.824390243902439 0.7692307692307693 0.2 0.15384615384615385
1 0.7609756097560976 0.4423076923076923 0.06829268292682927 0.2762237762237762
1 0.8524390243902439 0.43356643356643354 0.05609756097560976 0.3146853146853147
1 0.8987804878048781 0.47027972027972026 0.06585365853658537 0.3111888111888112
1 0.6353658536585366 0.44405594405594406 0.06585365853658537 0.2867132867132867
1 0.5890243902439024 0.4405594405594406 0.06585365853658537 0.2517482517482518
1 0.4524390243902439 0.4527972027972028 0.06097560975609756 0.23426573426573427
1 0.42317073170731706 0.45104895104895104 0.041463414634146344 0.21678321678321677
1 0.36341463414634145 0.4755244755244755 0.08780487804878048 0.38461538461538464
1 0.18902439024390244 0.4982517482517482 0.11951219512195121 0.4090909090909091
1 0.09390243902439024 0.5017482517482518 0.0951219512195122 0.3741258741258741
1 0.032926829268292684 0.5 0.05609756097560976 0.3076923076923077
