2 0.4606525911708253 0.7150000000000001 0.30326295585412666 0.19666666666666668
1 0.7216890595009596 0.535 0.19961612284069097 0.93
1 0.5335892514395393 0.34 0.04222648752399232 0.35333333333333333
1 0.4808061420345489 0.325 0.051823416506717845 0.35000000000000003
1 0.41746641074856045 0.33666666666666667 0.06717850287907869 0.3866666666666667
1 0.2476007677543186 0.38333333333333336 0.1727447216890595 0.5466666666666667
1 0.061420345489443376 0.5016666666666667 0.11900191938579655 0.9033333333333334
1 0.32821497120921306 0.29833333333333334 0.04990403071017274 0.31
1 0.928982725527831 0.3416666666666667 0.07293666026871401 0.45
1 0.8944337811900192 0.31333333333333335 0.0690978886756238 0.39333333333333337
