2 0.3035294117647059 0.6015901060070671 0.16941176470588235 0.29858657243816256
2 0.5505882352941176 0.6740282685512368 0.20470588235294115 0.14664310954063603
1 0.82 0.5335689045936396 0.22352941176470587 0.6501766784452296
0 0.13941176470588235 0.573321554770318 0.1588235294117647 0.35512367491166075
3 0.16352941176470587 0.33127208480565373 0.08941176470588234 0.21731448763250882
3 0.2441176470588235 0.3507067137809187 0.06235294117647058 0.19257950530035337
3 0.29352941176470587 0.3657243816254417 0.05058823529411764 0.17314487632508835
0 0.41117647058823525 0.5265017667844523 0.11176470588235293 0.4452296819787986
1 0.7305882352941175 0.45229681978798586 0.1341176470588235 0.5936395759717314
0 0.9576470588235293 0.5379858657243817 0.08470588235294117 0.411660777385159
3 0.9699999999999999 0.2703180212014134 0.06 0.09540636042402827
3 0.9705882352941175 0.17579505300353357 0.0588235294117647 0.09363957597173145
3 0.03117647058823529 0.35600706713780916 0.04823529411764706 0.09717314487632508
