1 0.10778443113772455 0.5892857142857142 0.11976047904191617 0.6071428571428571
1 0.21706586826347307 0.5612244897959183 0.11676646706586827 0.6938775510204082
1 0.31437125748503 0.5790816326530612 0.09580838323353294 0.6275510204081632
1 0.405688622754491 0.5739795918367346 0.10479041916167665 0.6071428571428571
1 0.5 0.5510204081632653 0.10179640718562875 0.6326530612244897
1 0.597305389221557 0.5535714285714285 0.10479041916167665 0.6071428571428571
1 0.6811377245508983 0.5433673469387754 0.10479041916167665 0.5765306122448979
1 0.7739520958083833 0.5688775510204082 0.09281437125748504 0.5255102040816326
1 0.8398203592814372 0.5178571428571428 0.08682634730538923 0.5459183673469388
3 0.940119760479042 0.3724489795918367 0.11976047904191617 0.3061224489795918
0 0.8817365269461078 0.7372448979591836 0.2065868263473054 0.4744897959183673
