1 0.19322033898305085 0.24886877828054302 0.1423728813559322 0.4886877828054299
1 0.33220338983050846 0.28054298642533937 0.1559322033898305 0.42533936651583715
1 0.4067796610169491 0.2895927601809955 0.08135593220338982 0.40723981900452494
1 0.4864406779661017 0.27828054298642535 0.15254237288135591 0.5113122171945702
1 0.6152542372881356 0.2533936651583711 0.11186440677966102 0.416289592760181
1 0.8169491525423729 0.31221719457013575 0.10847457627118644 0.416289592760181
0 0.9 0.44343891402714936 0.19999999999999998 0.8416289592760182
0 0.5830508474576271 0.5701357466063349 0.21016949152542372 0.3438914027149322
0 0.24406779661016947 0.583710407239819 0.29152542372881357 0.40723981900452494
2 0.5152542372881356 0.7737556561085973 0.2576271186440678 0.4524886877828055
