2 0.519 0.6826666666666666 0.362 0.21333333333333332
0 0.368 0.6413333333333333 0.352 0.5146666666666666
0 0.524 0.45199999999999996 0.148 0.312
0 0.741 0.7173333333333333 0.322 0.5653333333333334
1 0.861 0.26666666666666666 0.09 0.3253333333333333
1 0.935 0.2853333333333333 0.078 0.39999999999999997
1 0.964 0.35333333333333333 0.07200000000000001 0.5306666666666666
1 0.746 0.27066666666666667 0.068 0.24266666666666667
1 0.806 0.248 0.06 0.22933333333333333
1 0.578 0.24666666666666665 0.052000000000000005 0.23199999999999998
1 0.612 0.24133333333333332 0.04 0.184
1 0.227 0.20933333333333332 0.038 0.15733333333333333
1 0.138 0.20133333333333334 0.036000000000000004 0.13066666666666665
3 0.685 0.21066666666666667 0.082 0.256
3 0.8150000000000001 0.5599999999999999 0.258 0.37866666666666665
3 0.845 0.44666666666666666 0.158 0.19466666666666665
3 0.685 0.3813333333333333 0.14200000000000002 0.16
