2 0.6220833333333333 0.66625 0.45583333333333337 0.245
2 0.31125 0.6075 0.5408333333333334 0.32
0 0.3070833333333334 0.24125 0.09083333333333334 0.155
0 0.8037500000000001 0.415625 0.23583333333333334 0.29875
1 0.6608333333333334 0.19125 0.060000000000000005 0.1825
0 0.5741666666666667 0.234375 0.08166666666666667 0.14375000000000002
1 0.6104166666666667 0.2 0.05916666666666667 0.18
1 0.8070833333333334 0.209375 0.07583333333333334 0.13375
1 0.3775 0.171875 0.058333333333333334 0.22125
1 0.4133333333333334 0.19375 0.05333333333333334 0.1775
1 0.3075 0.155625 0.055 0.15375
1 0.13125 0.138125 0.0475 0.12375
1 0.03791666666666667 0.13625 0.04583333333333334 0.1275
1 0.07541666666666667 0.11375 0.03916666666666667 0.12
1 0.16208333333333336 0.115 0.0425 0.1325
1 0.22291666666666668 0.138125 0.037500000000000006 0.11875000000000001
1 0.25833333333333336 0.128125 0.03666666666666667 0.12875
