2 0.462 0.7132132132132132 0.488 0.38738738738738737
1 0.47400000000000003 0.36786786786786785 0.132 0.45945945945945943
0 0.425 0.6906906906906907 0.23800000000000002 0.4624624624624625
0 0.885 0.49099099099099097 0.194 0.6996996996996997
1 0.595 0.3738738738738739 0.066 0.2912912912912913
1 0.728 0.3738738738738739 0.07200000000000001 0.2912912912912913
1 0.782 0.3768768768768769 0.064 0.2852852852852853
0 0.08600000000000001 0.4924924924924925 0.12 0.2222222222222222
0 0.181 0.4954954954954955 0.106 0.21021021021021022
0 0.27 0.496996996996997 0.10400000000000001 0.1831831831831832
