2 0.595 0.7572383073496659 0.418 0.29398663697104677
1 0.757 0.4020044543429844 0.14200000000000002 0.4743875278396436
1 0.48 0.3463251670378619 0.096 0.3897550111358574
1 0.23 0.3184855233853007 0.124 0.47216035634743875
1 0.088 0.5033407572383073 0.17200000000000001 0.6681514476614699
0 0.583 0.44877505567928727 0.158 0.47884187082405344
0 0.333 0.576837416481069 0.23800000000000002 0.38752783964365256
3 0.373 0.2706013363028953 0.134 0.21158129175946547
3 0.618 0.26057906458797325 0.128 0.24498886414253895
0 0.167 0.28396436525612473 0.09 0.30957683741648107
