2 0.6296875000000001 0.6015831134564644 0.6625000000000001 0.3500439753737907
0 0.31875000000000003 0.41072999120492526 0.39375000000000004 0.20404573438874232
0 0.6531250000000001 0.3755496921723835 0.290625 0.26033421284080915
1 0.8984375 0.35356200527704484 0.203125 0.5294635004397538
1 0.11171875 0.2585751978891821 0.22031250000000002 0.395778364116095
3 0.21328125 0.1662269129287599 0.1390625 0.21635883905013192
3 0.3171875 0.1904133685136324 0.21875 0.26297273526824977
1 0.47500000000000003 0.23087071240105542 0.15625 0.28408091468777485
3 0.6492187500000001 0.18469656992084432 0.1796875 0.1442392260334213
3 0.82421875 0.16754617414248021 0.19843750000000002 0.2154793315743184
