2 0.9483333333333334 0.6926829268292682 0.10333333333333335 0.23902439024390243
2 0.6383333333333334 0.6707317073170732 0.17 0.21951219512195122
2 0.18250000000000002 0.6792682926829269 0.18500000000000003 0.2707317073170732
0 0.6466666666666667 0.45365853658536587 0.07333333333333333 0.2048780487804878
1 0.76 0.5280487804878049 0.17 0.5536585365853659
1 0.8616666666666667 0.5317073170731708 0.10666666666666667 0.4878048780487805
1 0.4475 0.5548780487804879 0.125 0.48048780487804876
1 0.32916666666666666 0.5475609756097561 0.125 0.5146341463414634
1 0.23750000000000002 0.41341463414634144 0.10166666666666667 0.33414634146341465
1 0.5191666666666667 0.525609756097561 0.12166666666666667 0.5341463414634147
1 0.5533333333333333 0.5317073170731708 0.08333333333333334 0.5121951219512195
