1 0.15771812080536912 0.5015060240963856 0.25279642058165547 0.996987951807229
3 0.22706935123042504 0.28915662650602414 0.07829977628635347 0.3674698795180723
3 0.5313199105145414 0.46987951807228917 0.1901565995525727 0.1927710843373494
3 0.34116331096196867 0.552710843373494 0.17225950782997762 0.34638554216867473
0 0.7315436241610738 0.5798192771084337 0.2550335570469799 0.5090361445783133
1 0.5514541387024608 0.2530120481927711 0.14541387024608501 0.4036144578313253
1 0.7796420581655481 0.25753012048192775 0.13646532438478748 0.3704819277108434
1 0.9172259507829977 0.3599397590361446 0.16554809843400448 0.6355421686746988
3 0.44407158836689037 0.7876506024096386 0.2975391498881432 0.4246987951807229
2 0.5704697986577181 0.7439759036144579 0.2371364653243848 0.5120481927710844
