2 0.5373051224944321 0.8766666666666667 0.5111358574610245 0.2
1 0.08296213808463251 0.4266666666666667 0.11469933184855233 0.7566666666666667
3 0.02951002227171492 0.3791666666666667 0.05679287305122494 0.48833333333333334
1 0.2099109131403118 0.42250000000000004 0.13251670378619154 0.7416666666666667
0 0.24498886414253895 0.6925 0.27616926503340755 0.455
0 0.5 0.6991666666666667 0.29175946547884185 0.4816666666666667
1 0.6698218262806236 0.5525 0.19710467706013363 0.8316666666666667
1 0.7978841870824053 0.525 0.1792873051224944 0.93
1 0.44153674832962136 0.2625 0.16369710467706014 0.5016666666666667
1 0.5328507795100222 0.34500000000000003 0.12583518930957682 0.4866666666666667
1 0.29175946547884185 0.35583333333333333 0.25835189309576834 0.455
3 0.35356347438752783 0.18250000000000002 0.05679287305122494 0.10166666666666667
3 0.37639198218262804 0.14500000000000002 0.05567928730512249 0.060000000000000005
3 0.6035634743875278 0.07583333333333334 0.11135857461024498 0.11833333333333335
3 0.6514476614699332 0.12666666666666668 0.09131403118040089 0.10666666666666667
3 0.6959910913140311 0.08833333333333333 0.05790645879732739 0.10666666666666667
3 0.9276169265033407 0.23583333333333334 0.14476614699331847 0.29833333333333334
