2 0.3922222222222222 0.7275 0.5711111111111111 0.19833333333333333
1 0.09333333333333334 0.47750000000000004 0.1111111111111111 0.38833333333333336
1 0.19666666666666666 0.5008333333333334 0.057777777777777775 0.3016666666666667
1 0.2588888888888889 0.4808333333333334 0.057777777777777775 0.3016666666666667
1 0.305 0.5033333333333334 0.06777777777777778 0.27666666666666667
0 0.5 0.4991666666666667 0.20444444444444446 0.645
1 0.6488888888888888 0.47500000000000003 0.07111111111111111 0.35000000000000003
1 0.7272222222222222 0.45 0.15444444444444444 0.5633333333333334
1 0.9061111111111111 0.42083333333333334 0.18777777777777777 0.745
1 0.83 0.41250000000000003 0.12222222222222222 0.6416666666666667
