2 0.377 0.7297297297297297 0.33 0.5405405405405406
0 0.54 0.49399399399399396 0.224 0.5915915915915916
0 0.17200000000000001 0.6006006006006006 0.256 0.6426426426426426
1 0.053 0.3483483483483483 0.10200000000000001 0.6906906906906907
3 0.155 0.1036036036036036 0.138 0.2012012012012012
1 0.419 0.22522522522522523 0.146 0.4444444444444444
1 0.484 0.15015015015015015 0.084 0.29429429429429427
1 0.681 0.35735735735735735 0.114 0.7087087087087087
0 0.371 0.34384384384384387 0.17 0.3213213213213213
1 0.748 0.43243243243243246 0.248 0.8588588588588588
1 0.877 0.4924924924924925 0.246 0.978978978978979
