0 0.311 0.6857142857142857 0.126 0.22285714285714286
1 0.161 0.6157142857142857 0.09 0.3457142857142857
1 0.47800000000000004 0.5742857142857143 0.10400000000000001 0.3314285714285714
1 0.634 0.46714285714285714 0.088 0.34
1 0.715 0.44 0.08600000000000001 0.2914285714285714
1 0.711 0.6714285714285714 0.07 0.32571428571428573
0 0.6920000000000001 0.20714285714285716 0.08 0.16285714285714287
0 0.757 0.19 0.082 0.23714285714285716
0 0.8280000000000001 0.22857142857142856 0.07200000000000001 0.17714285714285713
0 0.896 0.2257142857142857 0.07200000000000001 0.18857142857142858
0 0.963 0.24428571428571427 0.074 0.20857142857142857
