1 0.020833333333333336 0.3310810810810811 0.03787878787878788 0.32432432432432434
3 0.052083333333333336 0.2516891891891892 0.03977272727272727 0.1722972972972973
1 0.09943181818181819 0.38851351351351354 0.07386363636363637 0.49324324324324326
1 0.20643939393939395 0.3918918918918919 0.06818181818181818 0.4864864864864865
1 0.2878787878787879 0.38513513513513514 0.09090909090909091 0.46621621621621623
1 0.3797348484848485 0.38344594594594594 0.09659090909090909 0.49662162162162166
1 0.4431818181818182 0.40540540540540543 0.05681818181818182 0.41216216216216217
1 0.5170454545454546 0.38682432432432434 0.07575757575757576 0.5168918918918919
1 0.6420454545454546 0.3935810810810811 0.0946969696969697 0.5506756756756757
1 0.7821969696969697 0.48141891891891897 0.12878787878787878 0.7466216216216217
3 0.9554924242424243 0.3614864864864865 0.07007575757575758 0.47972972972972977
2 0.5994318181818182 0.731418918918919 0.3162878787878788 0.2939189189189189
