2 0.925 0.3483483483483483 0.15 0.1921921921921922
1 0.609 0.6396396396396397 0.254 0.6726726726726726
1 0.536 0.21771771771771772 0.036000000000000004 0.14714714714714713
0 0.53 0.2057057057057057 0.076 0.2072072072072072
1 0.466 0.12012012012012012 0.07200000000000001 0.23423423423423423
1 0.294 0.14264264264264265 0.064 0.27927927927927926
1 0.357 0.12462462462462462 0.078 0.24324324324324323
1 0.592 0.14864864864864866 0.048 0.2912912912912913
1 0.677 0.13813813813813813 0.062 0.2702702702702703
1 0.746 0.11861861861861862 0.068 0.23123123123123124
1 0.8210000000000001 0.10960960960960961 0.074 0.2132132132132132
0 0.903 0.13963963963963963 0.078 0.15915915915915915
0 0.973 0.12162162162162161 0.054 0.17117117117117117
