1 0.8196308724832214 0.4605911330049261 0.09899328859060402 0.4039408866995074
1 0.4890939597315436 0.6108374384236454 0.11912751677852348 0.30049261083743845
3 0.35906040268456374 0.5357142857142857 0.09731543624161074 0.1896551724137931
1 0.38758389261744963 0.7561576354679803 0.12080536912751677 0.43842364532019706
1 0.17281879194630873 0.604679802955665 0.12080536912751677 0.2881773399014778
3 0.13003355704697986 0.4125615763546798 0.06543624161073826 0.1748768472906404
1 0.20218120805369127 0.4458128078817734 0.08557046979865772 0.270935960591133
1 0.25419463087248323 0.39285714285714285 0.06879194630872483 0.2931034482758621
1 0.3070469798657718 0.29802955665024633 0.07046979865771812 0.2413793103448276
1 0.06291946308724831 0.4421182266009852 0.09228187919463086 0.3374384236453202
3 0.09479865771812081 0.29679802955665024 0.05536912751677852 0.14532019704433496
1 0.5016778523489933 0.3288177339901478 0.07718120805369127 0.23399014778325122
1 0.572986577181208 0.10960591133004927 0.025167785234899327 0.15517241379310345
1 0.5981543624161074 0.0874384236453202 0.03859060402684564 0.12561576354679804
1 0.5369127516778524 0.0812807881773399 0.030201342281879193 0.11330049261083744
1 0.5058724832214765 0.1268472906403941 0.025167785234899327 0.15024630541871922
1 0.47818791946308725 0.11822660098522167 0.040268456375838924 0.16748768472906403
3 0.5016778523489933 0.024630541871921183 0.030201342281879193 0.03940886699507389
1 0.3313758389261745 0.0665024630541872 0.09899328859060402 0.12807881773399016
2 0.6686241610738255 0.4642857142857143 0.16275167785234898 0.12561576354679804
