2 0.3531598513011152 0.7116991643454039 0.6988847583643122 0.4986072423398329
0 0.7565055762081784 0.5167130919220055 0.3308550185873606 0.2924791086350975
0 0.6152416356877323 0.40947075208913647 0.27137546468401486 0.20612813370473537
1 0.7862453531598512 0.15877437325905291 0.137546468401487 0.233983286908078
1 0.6319702602230483 0.17548746518105848 0.13382899628252787 0.22841225626740946
1 0.5130111524163569 0.14763231197771587 0.10408921933085502 0.25069637883008355
1 0.4070631970260223 0.13649025069637882 0.13011152416356878 0.2395543175487465
1 0.2695167286245353 0.15041782729805014 0.11524163568773234 0.2618384401114206
1 0.15613382899628253 0.1392757660167131 0.14126394052044608 0.2618384401114206
1 0.0483271375464684 0.12952646239554316 0.08921933085501858 0.25348189415041783
