2 0.32371794871794873 0.7368421052631579 0.3076923076923077 0.42105263157894735
1 0.11538461538461538 0.2679425837320574 0.14743589743589744 0.5263157894736842
1 0.1794871794871795 0.24880382775119617 0.08333333333333333 0.4784688995215311
1 0.32532051282051283 0.2535885167464115 0.10576923076923077 0.4880382775119617
0 0.5208333333333334 0.38755980861244016 0.20192307692307693 0.5741626794258373
0 0.719551282051282 0.5047846889952153 0.2980769230769231 0.6459330143540669
1 0.7852564102564102 0.25598086124401914 0.14743589743589744 0.5023923444976076
1 0.8766025641025641 0.23444976076555024 0.11217948717948717 0.4593301435406698
1 0.9198717948717948 0.22248803827751196 0.0641025641025641 0.3397129186602871
1 0.43269230769230765 0.22727272727272727 0.09615384615384615 0.4449760765550239
