2 0.34545454545454546 0.7216828478964402 0.33090909090909093 0.3236245954692557
1 0.7290909090909091 0.5906148867313916 0.10545454545454545 0.7087378640776699
1 0.6509090909090909 0.5145631067961165 0.11636363636363636 0.6407766990291263
1 0.5072727272727273 0.529126213592233 0.09090909090909091 0.6375404530744336
1 0.5663636363636364 0.49029126213592233 0.04909090909090909 0.4563106796116505
1 0.5990909090909091 0.5760517799352751 0.06363636363636363 0.3300970873786408
1 0.41545454545454547 0.5889967637540453 0.14 0.7572815533980582
1 0.18454545454545454 0.36893203883495146 0.07454545454545454 0.2783171521035599
0 0.25636363636363635 0.56957928802589 0.14909090909090908 0.2977346278317152
0 0.8790909090909091 0.3705501618122978 0.05272727272727273 0.2168284789644013
3 0.61 0.3220064724919094 0.06363636363636363 0.15857605177993528
