2 0.31545454545454543 0.5871934604904632 0.21636363636363637 0.19346049046321526
0 0.25727272727272726 0.44686648501362397 0.13272727272727272 0.3106267029972752
1 0.4581818181818182 0.335149863760218 0.06181818181818182 0.37057220708446864
1 0.5145454545454545 0.3555858310626703 0.07272727272727272 0.3896457765667575
1 0.5909090909090909 0.3623978201634877 0.07272727272727272 0.4087193460490463
1 0.6581818181818182 0.3732970027247956 0.06181818181818182 0.4359673024523161
1 0.7109090909090909 0.38147138964577654 0.05454545454545454 0.44686648501362397
1 0.7618181818181818 0.4141689373297003 0.05818181818181818 0.49046321525885556
1 0.8072727272727273 0.4209809264305177 0.06181818181818182 0.6239782016348774
1 0.8581818181818182 0.46185286103542234 0.06909090909090909 0.7602179836512262
1 0.9163636363636364 0.5258855585831063 0.16363636363636364 0.9482288828337875
