2 0.515 0.6916666666666668 0.315 0.20333333333333334
0 0.75375 0.6066666666666667 0.1925 0.45333333333333337
1 0.88 0.4716666666666667 0.225 0.7766666666666667
3 0.68 0.14833333333333334 0.08 0.14333333333333334
3 0.5387500000000001 0.27666666666666667 0.1325 0.25333333333333335
0 0.7375 0.4466666666666667 0.245 0.2866666666666667
0 0.49875 0.6016666666666667 0.2325 0.5700000000000001
0 0.3125 0.37000000000000005 0.195 0.29333333333333333
0 0.11875000000000001 0.65 0.2325 0.48000000000000004
0 0.26 0.7316666666666667 0.26 0.5366666666666667
