1 0.05294117647058823 0.5145833333333333 0.06823529411764705 0.5875
1 0.12823529411764706 0.59375 0.1341176470588235 0.8125
1 0.19294117647058823 0.5291666666666667 0.07999999999999999 0.7333333333333333
1 0.28470588235294114 0.4770833333333333 0.07058823529411765 0.5125
1 0.34823529411764703 0.45416666666666666 0.051764705882352935 0.44166666666666665
1 0.42117647058823526 0.4583333333333333 0.08470588235294117 0.5416666666666666
1 0.5035294117647059 0.4145833333333333 0.051764705882352935 0.37083333333333335
1 0.5599999999999999 0.43124999999999997 0.07999999999999999 0.4708333333333333
1 0.6258823529411764 0.42083333333333334 0.06117647058823529 0.4083333333333333
1 0.7035294117647058 0.44375 0.09411764705882353 0.42916666666666664
1 0.7694117647058822 0.38958333333333334 0.07058823529411765 0.24583333333333332
1 0.9658823529411764 0.4979166666666667 0.06823529411764705 0.6208333333333333
2 0.6235294117647058 0.7895833333333333 0.2117647058823529 0.2708333333333333
