0 0.46402877697841727 0.6901709401709403 0.4244604316546763 0.43162393162393164
1 0.21762589928057555 0.4401709401709402 0.20503597122302158 0.8632478632478633
0 0.7392086330935252 0.5854700854700855 0.20503597122302158 0.45299145299145305
1 0.05755395683453238 0.42307692307692313 0.10791366906474821 0.6752136752136753
1 0.10611510791366907 0.3632478632478633 0.14028776978417268 0.5042735042735044
1 0.38848920863309355 0.3632478632478633 0.19424460431654678 0.6153846153846154
1 0.48561151079136694 0.36752136752136755 0.10791366906474821 0.5128205128205129
1 0.5575539568345323 0.2991452991452992 0.11510791366906475 0.4444444444444445
1 0.6492805755395684 0.3354700854700855 0.13309352517985612 0.41452991452991456
1 0.7517985611510791 0.2991452991452992 0.10791366906474821 0.41880341880341887
3 0.6924460431654677 0.13247863247863248 0.11151079136690648 0.18803418803418806
1 0.8309352517985612 0.34401709401709407 0.06474820143884892 0.4743589743589744
1 0.9298561151079138 0.3717948717948718 0.11151079136690648 0.6153846153846154
3 0.8633093525179857 0.16452991452991456 0.05755395683453238 0.14102564102564105
