2 0.3605898123324397 0.7409638554216866 0.6997319034852547 0.5180722891566265
0 0.48525469168900803 0.5682730923694779 0.4075067024128686 0.4257028112449799
1 0.10589812332439678 0.2188755020080321 0.20107238605898123 0.4337349397590361
1 0.19839142091152814 0.20582329317269074 0.1126005361930295 0.4076305220883534
1 0.25603217158176944 0.19979919678714858 0.09383378016085792 0.39558232931726905
1 0.6983914209115282 0.2299196787148594 0.14745308310991959 0.4156626506024096
1 0.8458445040214477 0.25301204819277107 0.16353887399463807 0.4377510040160642
1 0.450402144772118 0.2188755020080321 0.11796246648793565 0.34538152610441764
1 0.3793565683646113 0.2078313253012048 0.10455764075067024 0.37148594377510036
1 0.5361930294906166 0.18975903614457829 0.10723860589812333 0.37550200803212846
