2 0.4258064516129032 0.8199052132701422 0.5741935483870968 0.27488151658767773
2 0.6629032258064516 0.7322274881516588 0.3903225806451613 0.35545023696682465
1 0.8741935483870967 0.49526066350710907 0.17419354838709677 0.8862559241706162
1 0.7129032258064516 0.4004739336492891 0.13548387096774195 0.5829383886255924
1 0.614516129032258 0.3530805687203792 0.1 0.5450236966824645
1 0.5177419354838709 0.39573459715639814 0.13870967741935483 0.6113744075829385
1 0.2903225806451613 0.5118483412322276 0.22580645161290322 0.9763033175355451
1 0.08709677419354839 0.509478672985782 0.16774193548387098 0.9431279620853081
1 0.16451612903225807 0.38625592417061616 0.1032258064516129 0.5829383886255924
1 0.4080645161290323 0.4123222748815166 0.11290322580645161 0.6445497630331753
