2 0.5339116719242902 0.6926977687626775 0.6198738170347003 0.2738336713995943
1 0.17034700315457413 0.2484787018255578 0.0914826498422713 0.29006085192697767
1 0.3675078864353312 0.22008113590263692 0.07886435331230283 0.24543610547667344
1 0.6159305993690851 0.15618661257606492 0.0583596214511041 0.12981744421906694
1 0.6845425867507886 0.25456389452332656 0.0914826498422713 0.29817444219066935
1 0.7034700315457413 0.2231237322515213 0.0473186119873817 0.3042596348884381
1 0.7878548895899053 0.16227180527383367 0.04258675078864353 0.18255578093306288
1 0.8186119873817035 0.15720081135902636 0.031545741324921134 0.18458417849898578
1 0.8446372239747634 0.15415821501014199 0.02365930599369085 0.14198782961460446
1 0.8722397476340694 0.1592292089249493 0.03470031545741325 0.1764705882352941
