2 0.499185667752443 0.717391304347826 0.3534201954397394 0.5304347826086957
0 0.13029315960912052 0.7130434782608696 0.250814332247557 0.5739130434782609
3 0.30374592833876224 0.7771739130434783 0.3697068403908795 0.44565217391304346
0 0.6009771986970684 0.48043478260869565 0.21172638436482086 0.4782608695652174
3 0.3574918566775244 0.4673913043478261 0.21009771986970685 0.2739130434782609
1 0.5276872964169381 0.24347826086956523 0.13029315960912052 0.4826086956521739
1 0.8371335504885994 0.5032608695652174 0.32573289902280134 0.9934782608695653
1 0.4462540716612378 0.22391304347826088 0.09771986970684039 0.4260869565217391
3 0.18973941368078176 0.15 0.11563517915309447 0.2956521739130435
3 0.05863192182410424 0.20217391304347826 0.11400651465798047 0.3521739130434783
1 0.25651465798045603 0.15434782608695652 0.09283387622149837 0.2608695652173913
1 0.10830618892508144 0.18369565217391304 0.0993485342019544 0.28043478260869564
