2 0.528448275862069 0.6046875 0.4189655172413793 0.09375
1 0.18017241379310345 0.5484375 0.35344827586206895 0.7250000000000001
3 0.2793103448275862 0.33046875000000003 0.11379310344827587 0.1484375
0 0.3172413793103448 0.49140625000000004 0.12758620689655173 0.16718750000000002
1 0.39827586206896554 0.37031250000000004 0.08620689655172414 0.209375
1 0.4672413793103448 0.3609375 0.1 0.20625000000000002
1 0.6275862068965518 0.40625 0.11379310344827587 0.35625
1 0.6793103448275862 0.38593750000000004 0.06551724137931034 0.290625
1 0.7310344827586207 0.371875 0.03103448275862069 0.215625
1 0.7724137931034483 0.36484375 0.05517241379310345 0.2578125
1 0.8525862068965517 0.38671875 0.056896551724137934 0.3453125
1 0.9025862068965517 0.48515625 0.19482758620689655 0.7328125000000001
0 0.4103448275862069 0.5476562500000001 0.16551724137931034 0.21406250000000002
