1 0.9251386321626617 0.36578171091445427 0.14972273567467653 0.5634218289085545
1 0.8262476894639557 0.23156342182890854 0.18114602587800369 0.46017699115044247
1 0.621996303142329 0.19469026548672566 0.20147874306839186 0.3421828908554572
1 0.5101663585951941 0.19174041297935102 0.11090573012939002 0.3421828908554572
1 0.45748613678373384 0.20353982300884954 0.09057301293900184 0.35693215339233036
1 0.38354898336414045 0.21607669616519173 0.11645101663585952 0.42920353982300885
1 0.23752310536044363 0.16297935103244837 0.13863216266173753 0.2994100294985251
1 0.10351201478743069 0.24410029498525074 0.16266173752310537 0.4144542772861357
0 0.6404805914972274 0.581858407079646 0.5157116451016636 0.36430678466076694
2 0.4288354898336414 0.6556047197640118 0.31053604436229204 0.3466076696165192
