2 0.46495327102803735 0.8543689320388349 0.24766355140186913 0.09708737864077668
1 0.2757009345794392 0.7839805825242718 0.12149532710280372 0.24757281553398056
1 0.5046728971962616 0.7014563106796116 0.14018691588785046 0.19902912621359223
1 0.7102803738317757 0.558252427184466 0.08411214953271028 0.21359223300970873
1 0.8247663551401868 0.5655339805825242 0.09813084112149532 0.24757281553398056
1 0.6074766355140186 0.4514563106796116 0.07476635514018691 0.1844660194174757
1 0.29205607476635514 0.49757281553398053 0.0794392523364486 0.2087378640776699
1 0.2850467289719626 0.1407766990291262 0.07476635514018691 0.2233009708737864
1 0.16822429906542055 0.4611650485436893 0.07476635514018691 0.20388349514563106
1 0.23130841121495324 0.48786407766990286 0.07009345794392523 0.22815533980582522
