2 0.546 0.6773333333333333 0.432 0.24533333333333332
1 0.08 0.5213333333333333 0.156 0.9359999999999999
1 0.139 0.4106666666666667 0.126 0.6986666666666667
1 0.222 0.34933333333333333 0.092 0.45866666666666667
1 0.277 0.33466666666666667 0.058 0.344
1 0.335 0.3466666666666667 0.074 0.3893333333333333
1 0.401 0.3333333333333333 0.094 0.4053333333333333
1 0.481 0.30666666666666664 0.106 0.448
1 0.555 0.3373333333333333 0.078 0.408
1 0.608 0.3333333333333333 0.056 0.3733333333333333
1 0.64 0.3213333333333333 0.048 0.37066666666666664
1 0.723 0.33066666666666666 0.14200000000000002 0.4533333333333333
1 0.861 0.35333333333333333 0.122 0.584
1 0.9570000000000001 0.36533333333333334 0.08600000000000001 0.5386666666666666
