2 0.217 0.7912087912087913 0.43 0.17582417582417584
0 0.632 0.5755494505494506 0.20800000000000002 0.5302197802197802
0 0.467 0.4986263736263737 0.154 0.5192307692307693
1 0.892 0.44230769230769235 0.16 0.8021978021978022
1 0.805 0.5109890109890111 0.08600000000000001 0.39560439560439564
1 0.736 0.4766483516483517 0.112 0.5576923076923077
1 0.186 0.396978021978022 0.148 0.6950549450549451
1 0.289 0.42307692307692313 0.11 0.5879120879120879
1 0.372 0.42307692307692313 0.076 0.34065934065934067
1 0.549 0.4670329670329671 0.094 0.4670329670329671
