2 0.47554347826086957 0.7049469964664311 0.375 0.1872791519434629
0 0.7092391304347826 0.5795053003533569 0.5815217391304348 0.36042402826855124
1 0.9347826086956521 0.20848056537102475 0.13043478260869565 0.36042402826855124
3 0.7445652173913043 0.1607773851590106 0.22826086956521738 0.24381625441696111
1 0.5570652173913043 0.19081272084805653 0.09239130434782608 0.31095406360424027
3 0.5163043478260869 0.1431095406360424 0.07608695652173914 0.1872791519434629
1 0.42391304347826086 0.21731448763250882 0.16304347826086957 0.392226148409894
1 0.08695652173913043 0.254416961130742 0.16304347826086957 0.3745583038869258
1 0.2092391304347826 0.16961130742049468 0.20108695652173914 0.3321554770318021
3 0.266304347826087 0.04946996466431095 0.06521739130434782 0.07773851590106007
