0 0.3281818181818182 0.5423497267759563 0.15818181818181817 0.49453551912568305
1 0.4072727272727273 0.33469945355191255 0.12727272727272726 0.5109289617486339
1 0.48 0.3114754098360656 0.07272727272727272 0.44808743169398907
1 0.6418181818181818 0.28005464480874315 0.12363636363636364 0.3633879781420765
1 0.7327272727272727 0.26639344262295084 0.08363636363636363 0.3743169398907104
1 0.9263636363636364 0.4453551912568306 0.14727272727272728 0.726775956284153
0 0.8209090909090909 0.6516393442622951 0.22 0.5163934426229508
0 0.6118181818181818 0.5792349726775956 0.19454545454545455 0.33879781420765026
1 0.1390909090909091 0.5846994535519126 0.1618181818181818 0.7704918032786885
1 0.08181818181818182 0.37158469945355194 0.11272727272727273 0.6721311475409836
2 0.5636363636363636 0.7636612021857924 0.3236363636363636 0.36885245901639346
