2 0.4341692789968652 0.7808510638297872 0.6050156739811912 0.2170212765957447
1 0.1073667711598746 0.41382978723404257 0.1865203761755486 0.7170212765957447
1 0.256269592476489 0.37872340425531914 0.13322884012539185 0.5446808510638298
3 0.4020376175548589 0.2021276595744681 0.0768025078369906 0.19148936170212766
1 0.4623824451410658 0.21170212765957447 0.03761755485893417 0.17659574468085107
3 0.5297805642633229 0.2042553191489362 0.0877742946708464 0.19574468085106383
3 0.6269592476489028 0.20851063829787234 0.07210031347962383 0.2
3 0.7233542319749215 0.22446808510638297 0.0987460815047022 0.14680851063829786
3 0.8119122257053292 0.2074468085106383 0.04702194357366771 0.18936170212765957
1 0.8996865203761755 0.451063829787234 0.15047021943573669 0.6085106382978723
