1 0.03 0.3119122257053291 0.05555555555555555 0.48589341692789967
1 0.06333333333333334 0.3949843260188088 0.10888888888888888 0.5454545454545454
1 0.1111111111111111 0.3495297805642633 0.08888888888888889 0.5109717868338558
1 0.16 0.274294670846395 0.1111111111111111 0.5423197492163009
1 0.25555555555555554 0.280564263322884 0.08888888888888889 0.5172413793103449
1 0.3011111111111111 0.2507836990595611 0.03777777777777778 0.10031347962382445
1 0.36 0.27899686520376177 0.08888888888888889 0.5266457680250783
1 0.46111111111111114 0.24294670846394983 0.14 0.47962382445141066
1 0.7488888888888889 0.26802507836990597 0.14222222222222222 0.5297805642633229
0 0.6444444444444445 0.6426332288401254 0.37777777777777777 0.6206896551724138
2 0.4955555555555556 0.7335423197492162 0.2088888888888889 0.47021943573667707
1 0.66 0.21316614420062696 0.07555555555555556 0.3949843260188088
