0 0.11743119266055047 0.38935574229691877 0.12477064220183487 0.35294117647058826
1 0.3486238532110092 0.3585434173669468 0.08807339449541285 0.41456582633053224
1 0.44220183486238535 0.3473389355742297 0.09541284403669725 0.4481792717086835
1 0.51651376146789 0.3389355742296919 0.08256880733944955 0.41456582633053224
3 0.5880733944954128 0.25210084033613445 0.07522935779816514 0.1568627450980392
1 0.591743119266055 0.4341736694677871 0.06422018348623854 0.18487394957983194
0 0.6467889908256881 0.43557422969187676 0.08990825688073395 0.20448179271708683
3 0.655045871559633 0.25210084033613445 0.06605504587155964 0.21288515406162464
1 0.7339449541284404 0.33613445378151263 0.09541284403669725 0.3977591036414566
1 0.8201834862385322 0.3389355742296919 0.07339449541284404 0.38095238095238093
1 0.8908256880733946 0.33753501400560226 0.08256880733944955 0.36134453781512604
2 0.2981651376146789 0.7591036414565826 0.47889908256880737 0.2689075630252101
