1 0.11618257261410789 0.3379204892966361 0.0912863070539419 0.308868501529052
1 0.262448132780083 0.3058103975535168 0.06431535269709543 0.2691131498470948
1 0.3578838174273859 0.2706422018348624 0.08506224066390042 0.26605504587155965
1 0.46473029045643155 0.22935779816513763 0.11618257261410789 0.24464831804281345
1 0.5943983402489627 0.290519877675841 0.08506224066390042 0.42813455657492355
1 0.6514522821576764 0.345565749235474 0.07468879668049792 0.43425076452599387
1 0.7728215767634855 0.46788990825688076 0.14730290456431536 0.9051987767584098
0 0.4387966804979253 0.40978593272171254 0.11825726141078838 0.18960244648318042
0 0.487551867219917 0.5091743119266056 0.1908713692946058 0.25382262996941896
0 0.33195020746887965 0.4694189602446483 0.13692946058091288 0.20489296636085627
2 0.3993775933609959 0.6773700305810397 0.2800829875518672 0.2966360856269113
0 0.8786307053941909 0.28287461773700306 0.09336099585062241 0.2599388379204893
