2 0.4524590163934426 0.6682242990654205 0.25573770491803277 0.35514018691588783
0 0.6098360655737705 0.6028037383177569 0.20327868852459016 0.4579439252336448
1 0.8344262295081967 0.37850467289719625 0.12786885245901639 0.5607476635514018
1 0.9147540983606557 0.23831775700934577 0.04590163934426229 0.19626168224299065
1 0.1540983606557377 0.2897196261682243 0.06557377049180328 0.2616822429906542
1 0.054098360655737705 0.2803738317757009 0.05573770491803279 0.21495327102803738
1 0.5327868852459017 0.23831775700934577 0.04918032786885246 0.17757009345794392
1 0.6032786885245902 0.2570093457943925 0.05901639344262295 0.22429906542056072
0 0.4131147540983607 0.5817757009345794 0.17704918032786884 0.5280373831775701
1 0.32459016393442625 0.46962616822429903 0.18360655737704917 0.7429906542056074
1 0.4278688524590164 0.33411214953271023 0.16065573770491803 0.5186915887850467
