1 0.099 0.5398936170212766 0.182 0.898936170212766
0 0.3 0.3351063829787234 0.07200000000000001 0.1595744680851064
2 0.229 0.37898936170212766 0.07 0.10372340425531915
2 0.39 0.44148936170212766 0.112 0.17553191489361702
2 0.32 0.488031914893617 0.088 0.2047872340425532
2 0.354 0.6396276595744681 0.296 0.11968085106382978
2 0.804 0.4148936170212766 0.10400000000000001 0.13297872340425532
2 0.91 0.48936170212765956 0.096 0.13297872340425532
2 0.969 0.43882978723404253 0.05 0.19148936170212766
2 0.583 0.3257978723404255 0.074 0.09308510638297872
