2 0.522 0.6403508771929824 0.20800000000000002 0.4619883040935672
0 0.442 0.641812865497076 0.268 0.587719298245614
0 0.5700000000000001 0.5263157894736842 0.212 0.5204678362573099
0 0.139 0.5526315789473684 0.154 0.6842105263157894
1 0.047 0.5014619883040935 0.09 0.7339181286549707
1 0.214 0.489766081871345 0.096 0.6929824561403508
1 0.328 0.4152046783625731 0.084 0.5555555555555556
1 0.275 0.3742690058479532 0.078 0.5204678362573099
0 0.794 0.4956140350877193 0.22 0.6871345029239766
1 0.934 0.34502923976608185 0.07200000000000001 0.4152046783625731
1 0.705 0.37573099415204675 0.078 0.435672514619883
3 0.529 0.22953216374269003 0.186 0.14327485380116958
3 0.392 0.2631578947368421 0.084 0.2807017543859649
3 0.438 0.2807017543859649 0.08 0.2222222222222222
