0 0.6772727272727272 0.3349381017881706 0.2818181818181818 0.29573590096286106
1 0.7738636363636363 0.2221458046767538 0.26136363636363635 0.4360385144429161
1 0.6465909090909091 0.07840440165061899 0.05227272727272727 0.12929848693259974
1 0.571590909090909 0.07909215955983494 0.09318181818181817 0.14442916093535077
1 0.36363636363636365 0.11898211829436038 0.1909090909090909 0.23521320495185694
1 0.2159090909090909 0.06671251719394773 0.06818181818181818 0.0921595598349381
1 0.08068181818181817 0.24140302613480055 0.1568181818181818 0.4800550206327373
1 0.2909090909090909 0.3624484181568088 0.36818181818181817 0.24896836313617607
0 0.4022727272727272 0.44566712517193946 0.509090909090909 0.3713892709766162
2 0.7011363636363636 0.6891334250343879 0.49318181818181817 0.4786795048143054
