0 0.2823529411764706 0.2604712041884817 0.10882352941176471 0.2905759162303665
2 0.3286764705882353 0.5078534031413613 0.175 0.3769633507853403
2 0.075 0.5287958115183247 0.14705882352941177 0.30366492146596863
2 0.48970588235294116 0.6557591623036649 0.17352941176470588 0.4162303664921466
2 0.7933823529411764 0.6963350785340314 0.26029411764705884 0.5968586387434556
2 0.5676470588235294 0.13089005235602094 0.17941176470588235 0.09947643979057592
0 0.3838235294117647 0.24345549738219896 0.15294117647058825 0.4136125654450262
0 0.5742647058823529 0.3782722513089005 0.1602941176470588 0.37434554973821993
0 0.9286764705882353 0.5523560209424084 0.1426470588235294 0.6649214659685865
1 0.7198529411764706 0.13089005235602094 0.06911764705882353 0.25654450261780104
0 0.028676470588235293 0.36649214659685864 0.054411764705882354 0.30366492146596863
1 0.49779411764705883 0.08115183246073299 0.03676470588235294 0.15706806282722513
1 0.5632352941176471 0.08638743455497383 0.052941176470588235 0.16753926701570682
