2 0.41833333333333333 0.51625 0.53 0.1925
1 0.8583333333333334 0.25 0.15666666666666668 0.35000000000000003
1 0.6516666666666667 0.2925 0.09666666666666668 0.21
1 0.5883333333333334 0.195 0.12333333333333334 0.3
3 0.5366666666666667 0.08875 0.1 0.0825
1 0.4416666666666667 0.21125 0.15000000000000002 0.3825
1 0.29833333333333334 0.15875 0.10333333333333335 0.23750000000000002
1 0.20833333333333334 0.155 0.08333333333333334 0.295
1 0.085 0.20125 0.16333333333333333 0.3875
3 0.155 0.07875 0.07666666666666667 0.0725
