1 0.15888888888888889 0.4929328621908127 0.31333333333333335 0.9787985865724381
2 0.6466666666666666 0.7756183745583038 0.5911111111111111 0.392226148409894
0 0.35888888888888887 0.5530035335689046 0.18888888888888888 0.49823321554770317
0 0.48777777777777775 0.6148409893992933 0.22444444444444445 0.6784452296819787
0 0.7 0.519434628975265 0.2088888888888889 0.40989399293286216
1 0.8833333333333333 0.4010600706713781 0.23333333333333334 0.7950530035335689
3 0.4211111111111111 0.2314487632508834 0.12666666666666668 0.29328621908127206
1 0.4866666666666667 0.1607773851590106 0.09333333333333334 0.2791519434628975
1 0.2833333333333333 0.19964664310954064 0.11333333333333333 0.3215547703180212
1 0.5933333333333334 0.22791519434628976 0.08888888888888889 0.4487632508833922
1 0.6677777777777778 0.17491166077738515 0.1711111111111111 0.34275618374558303
