2 0.596 0.7387387387387387 0.492 0.45345345345345345
1 0.314 0.33708708708708707 0.168 0.4339339339339339
1 0.148 0.23048048048048048 0.16 0.2747747747747748
1 0.045 0.19294294294294295 0.078 0.13963963963963963
1 0.23500000000000001 0.18543543543543545 0.054 0.0915915915915916
1 0.269 0.16366366366366367 0.03 0.06006006006006006
1 0.647 0.25975975975975973 0.114 0.3033033033033033
1 0.738 0.2905405405405405 0.132 0.3738738738738739
1 0.8290000000000001 0.26426426426426425 0.134 0.3933933933933934
1 0.922 0.3033033033033033 0.156 0.44144144144144143
0 0.679 0.5352852852852853 0.25 0.3138138138138138
0 0.41300000000000003 0.5157657657657657 0.482 0.3138138138138138
0 0.504 0.3288288288288288 0.196 0.2042042042042042
3 0.56 0.17942942942942944 0.128 0.14264264264264265
3 0.419 0.20345345345345345 0.09 0.14564564564564564
