2 0.634090909090909 0.738562091503268 0.3909090909090909 0.5032679738562091
1 0.26136363636363635 0.5 0.16818181818181818 0.7712418300653595
1 0.45454545454545453 0.4542483660130719 0.10909090909090909 0.477124183006536
1 0.5761363636363636 0.44607843137254904 0.12045454545454545 0.4019607843137255
3 0.9727272727272727 0.28758169934640526 0.049999999999999996 0.13071895424836602
3 0.9193181818181818 0.30718954248366015 0.03409090909090909 0.11111111111111112
3 0.884090909090909 0.29901960784313725 0.02727272727272727 0.11437908496732027
3 0.8568181818181818 0.3006535947712418 0.022727272727272728 0.11111111111111112
3 0.6863636363636363 0.2777777777777778 0.03636363636363636 0.0784313725490196
3 0.6295454545454545 0.2908496732026144 0.049999999999999996 0.13725490196078433
3 0.6 0.28104575163398693 0.03636363636363636 0.0784313725490196
3 0.5329545454545455 0.2728758169934641 0.04318181818181818 0.09477124183006536
