0 0.4163636363636364 0.5668449197860962 0.15636363636363637 0.1497326203208556
1 0.13454545454545455 0.410427807486631 0.08 0.39304812834224595
1 0.08181818181818182 0.3422459893048128 0.09818181818181818 0.3368983957219251
1 0.6290909090909091 0.1804812834224599 0.09090909090909091 0.3342245989304813
1 0.7318181818181818 0.19919786096256684 0.10363636363636364 0.35561497326203206
1 0.8918181818181818 0.30213903743315507 0.09272727272727273 0.2994652406417112
1 0.9254545454545454 0.5187165775401069 0.14181818181818182 0.3315508021390374
1 0.20272727272727273 0.8422459893048128 0.1 0.2994652406417112
1 0.39090909090909093 0.8796791443850267 0.10909090909090909 0.24064171122994651
1 0.6890909090909091 0.6109625668449198 0.09454545454545454 0.3877005347593583
