2 0.5067796610169492 0.6787330316742082 0.17288135593220338 0.29864253393665163
1 0.6220338983050847 0.36877828054298645 0.14576271186440679 0.7104072398190046
1 0.8813559322033898 0.502262443438914 0.23728813559322035 0.9954751131221721
0 0.752542372881356 0.5067873303167422 0.1966101694915254 0.8054298642533937
1 0.22203389830508474 0.2873303167420815 0.10508474576271186 0.5656108597285069
1 0.30677966101694915 0.28506787330316746 0.10508474576271186 0.5610859728506787
1 0.3728813559322034 0.24208144796380093 0.10169491525423728 0.4570135746606335
1 0.45932203389830506 0.2579185520361991 0.12542372881355932 0.46153846153846156
1 0.5338983050847458 0.2533936651583711 0.0576271186440678 0.3800904977375566
2 0.36101694915254234 0.830316742081448 0.22033898305084745 0.3393665158371041
