0 0.161 0.4333333333333333 0.19 0.408
2 0.52 0.6893333333333334 0.40800000000000003 0.2533333333333333
1 0.28700000000000003 0.432 0.106 0.4053333333333333
1 0.47100000000000003 0.436 0.09 0.41333333333333333
1 0.528 0.3933333333333333 0.068 0.38666666666666666
1 0.592 0.3933333333333333 0.092 0.37066666666666664
1 0.647 0.37066666666666664 0.062 0.36266666666666664
3 0.765 0.2866666666666667 0.11800000000000001 0.2373333333333333
3 0.896 0.29733333333333334 0.164 0.216
3 0.9440000000000001 0.25866666666666666 0.112 0.2613333333333333
3 0.368 0.292 0.048 0.14133333333333334
1 0.40900000000000003 0.3893333333333333 0.07 0.3253333333333333
