2 0.334 0.5687679083094556 0.304 0.19197707736389685
2 0.305 0.4684813753581662 0.262 0.2607449856733524
2 0.23700000000000002 0.491404011461318 0.198 0.1174785100286533
2 0.217 0.4283667621776504 0.15 0.22063037249283668
0 0.667 0.6103151862464183 0.526 0.7736389684813754
1 0.797 0.3166189111747851 0.178 0.6275071633237822
0 0.47000000000000003 0.32664756446991405 0.17200000000000001 0.28653295128939826
0 0.324 0.2636103151862464 0.136 0.2979942693409742
0 0.127 0.4154727793696275 0.234 0.7679083094555874
3 0.553 0.23925501432664756 0.066 0.20343839541547276
3 0.653 0.18767908309455586 0.10200000000000001 0.20916905444126074
