2 0.51525 0.6398176291793314 0.1105 0.29078014184397166
2 0.3525 0.5526849037487336 0.132 0.24620060790273557
2 0.42825 0.5440729483282675 0.0575 0.18034447821681865
2 0.38125000000000003 0.6605876393110436 0.1535 0.31003039513677816
2 0.2025 0.6398176291793314 0.17 0.2948328267477204
2 0.151 0.5724417426545086 0.167 0.27152988855116517
1 0.4915 0.27152988855116517 0.031 0.1661600810536981
1 0.5675 0.4599797365754813 0.08700000000000001 0.4701114488348531
1 0.61625 0.5309017223910841 0.1295 0.6079027355623101
1 0.74025 0.2862208713272543 0.0525 0.21783181357649445
1 0.808 0.4235055724417427 0.081 0.5005065856129687
1 0.89975 0.4772036474164134 0.0905 0.646403242147923
1 0.9475 0.5435663627152989 0.105 0.6980749746707194
