1 0.9594736842105263 0.4422413793103448 0.08105263157894736 0.6810344827586207
1 0.8552631578947368 0.5129310344827586 0.24526315789473685 0.8362068965517241
1 0.6673684210526316 0.5008620689655172 0.13473684210526315 0.7879310344827586
1 0.5852631578947368 0.4681034482758621 0.10526315789473684 0.7706896551724138
1 0.4942105263157895 0.4818965517241379 0.10842105263157895 0.5706896551724138
1 0.41210526315789475 0.521551724137931 0.18421052631578946 0.6948275862068966
0 0.3668421052631579 0.4663793103448276 0.12526315789473683 0.65
1 0.26631578947368423 0.4681034482758621 0.1326315789473684 0.7293103448275862
1 0.22210526315789472 0.3474137931034483 0.10736842105263157 0.5879310344827586
1 0.12736842105263158 0.5086206896551724 0.16 0.8172413793103448
2 0.38842105263157894 0.8068965517241379 0.3726315789473684 0.18620689655172412
3 0.015789473684210527 0.40948275862068967 0.029473684210526315 0.3431034482758621
3 0.017894736842105262 0.41293103448275864 0.029473684210526315 0.3431034482758621
