2 0.5916666666666667 0.709051724137931 0.5208333333333334 0.5301724137931034
1 0.20104166666666667 0.41594827586206895 0.14791666666666667 0.8232758620689655
1 0.11666666666666667 0.4870689655172414 0.0875 0.43103448275862066
3 0.29791666666666666 0.33405172413793105 0.09583333333333333 0.24568965517241378
1 0.403125 0.4375 0.10625 0.5905172413793104
1 0.4770833333333333 0.4375 0.05416666666666667 0.40086206896551724
3 0.5447916666666667 0.34051724137931033 0.11041666666666666 0.3275862068965517
3 0.6458333333333334 0.3254310344827586 0.125 0.3318965517241379
1 0.709375 0.4676724137931034 0.06458333333333333 0.3922413793103448
1 0.775 0.4482758620689655 0.05416666666666667 0.46551724137931033
1 0.834375 0.46336206896551724 0.07708333333333334 0.46120689655172414
