0 0.091 0.545045045045045 0.178 0.37537537537537535
0 0.482 0.3213213213213213 0.096 0.1921921921921922
1 0.675 0.2087087087087087 0.058 0.24324324324324323
1 0.727 0.21021021021021022 0.058 0.27627627627627627
2 0.8270000000000001 0.44894894894894893 0.33 0.14114114114114115
2 0.723 0.5945945945945946 0.186 0.24024024024024024
2 0.362 0.8423423423423423 0.584 0.2852852852852853
2 0.428 0.566066066066066 0.264 0.2552552552552553
2 0.317 0.5015015015015015 0.322 0.14414414414414414
2 0.323 0.4249249249249249 0.33 0.10510510510510511
