2 0.499 0.5866666666666667 0.274 0.3893333333333333
0 0.627 0.5213333333333333 0.246 0.568
1 0.921 0.5213333333333333 0.158 0.488
1 0.757 0.37866666666666665 0.09 0.42133333333333334
1 0.508 0.344 0.116 0.3413333333333333
1 0.377 0.3453333333333333 0.11800000000000001 0.4666666666666667
1 0.294 0.22799999999999998 0.076 0.32266666666666666
3 0.34400000000000003 0.13733333333333334 0.076 0.15733333333333333
3 0.183 0.14933333333333332 0.08600000000000001 0.17066666666666666
3 0.111 0.152 0.09 0.16533333333333333
3 0.23700000000000002 0.15733333333333333 0.074 0.16533333333333333
3 0.03 0.13333333333333333 0.056 0.18666666666666665
3 0.674 0.26666666666666666 0.108 0.19733333333333333
