1 0.06861198738170347 0.5028089887640449 0.12145110410094637 0.47191011235955055
0 0.2421135646687697 0.25702247191011235 0.11198738170347003 0.5084269662921348
3 0.45347003154574134 0.11938202247191011 0.09936908517350157 0.23314606741573032
1 0.6979495268138801 0.2443820224719101 0.09305993690851734 0.4831460674157303
1 0.8430599369085173 0.25280898876404495 0.09936908517350157 0.5
1 0.9511041009463722 0.36657303370786515 0.09779179810725552 0.7219101123595505
1 0.6096214511041009 0.4339887640449438 0.11198738170347003 0.45224719101123595
1 0.46135646687697157 0.5337078651685393 0.11514195583596214 0.46629213483146065
1 0.3264984227129337 0.6587078651685393 0.19242902208201892 0.6825842696629213
1 0.1916403785488959 0.5196629213483146 0.10252365930599369 0.5112359550561798
2 0.4952681388012618 0.7794943820224719 0.3217665615141956 0.22191011235955055
3 0.3422712933753943 0.25 0.10725552050473186 0.16853932584269662
3 0.16482649842271294 0.2247191011235955 0.083596214511041 0.1741573033707865
