2 0.19833333333333333 0.7099125364431487 0.26666666666666666 0.13702623906705538
2 0.6291666666666667 0.717201166180758 0.2783333333333334 0.1574344023323615
0 0.08833333333333333 0.5772594752186588 0.13333333333333333 0.39067055393586003
1 0.18000000000000002 0.5553935860058309 0.11666666666666667 0.46355685131195334
1 0.31083333333333335 0.5524781341107872 0.07166666666666667 0.34110787172011664
1 0.3716666666666667 0.5262390670553936 0.08333333333333334 0.5043731778425656
1 0.42000000000000004 0.575801749271137 0.09666666666666668 0.39941690962099125
1 0.5216666666666667 0.5393586005830904 0.08333333333333334 0.5014577259475218
1 0.5991666666666667 0.5131195335276968 0.08833333333333333 0.3790087463556851
1 0.6816666666666668 0.5262390670553936 0.06666666666666667 0.3935860058309038
1 0.7583333333333334 0.5714285714285714 0.1 0.4431486880466472
1 0.8658333333333333 0.575801749271137 0.10833333333333334 0.446064139941691
1 0.8141666666666667 0.5233236151603499 0.058333333333333334 0.3819241982507289
