1 0.2026315789473684 0.6009463722397476 0.09157894736842105 0.5236593059936908
2 0.6405263157894737 0.8154574132492113 0.2768421052631579 0.10094637223974763
1 0.3678947368421053 0.6056782334384858 0.08736842105263158 0.5078864353312302
1 0.30526315789473685 0.610410094637224 0.07789473684210527 0.47634069400630913
1 0.43105263157894735 0.6048895899053628 0.09157894736842105 0.4842271293375394
1 0.5121052631578947 0.6096214511041009 0.10631578947368421 0.5126182965299685
0 0.6 0.7105678233438486 0.15157894736842104 0.222397476340694
0 0.6484210526315789 0.6474763406940063 0.18105263157894735 0.38012618296529965
1 0.7952631578947368 0.6064668769716088 0.11473684210526315 0.5157728706624606
1 0.921578947368421 0.6072555205047319 0.0831578947368421 0.41324921135646686
