1 0.5180327868852459 0.7313084112149533 0.24918032786885247 0.5373831775700935
3 0.12786885245901639 0.7827102803738317 0.24918032786885247 0.43457943925233644
1 0.20655737704918034 0.49532710280373826 0.26229508196721313 0.6822429906542056
1 0.36065573770491804 0.4906542056074766 0.17704918032786884 0.6542056074766355
1 0.8344262295081967 0.5607476635514018 0.14754098360655737 0.5327102803738317
3 0.8967213114754098 0.33411214953271023 0.10163934426229508 0.23831775700934577
3 0.8377049180327869 0.23831775700934577 0.08196721311475409 0.16822429906542055
3 0.7672131147540984 0.2523364485981308 0.09180327868852459 0.14953271028037382
3 0.6934426229508197 0.23130841121495324 0.07540983606557378 0.1261682242990654
1 0.7311475409836066 0.1705607476635514 0.06557377049180328 0.21962616822429906
