2 0.441 0.7612612612612613 0.37 0.3213213213213213
1 0.13 0.45645645645645644 0.256 0.9069069069069069
1 0.184 0.3888888888888889 0.20400000000000001 0.7717717717717718
1 0.245 0.3483483483483483 0.14200000000000002 0.6906906906906907
1 0.443 0.2897897897897898 0.08600000000000001 0.5495495495495496
1 0.544 0.3078078078078078 0.176 0.6096096096096096
3 0.853 0.24474474474474475 0.25 0.4774774774774775
1 0.704 0.27177177177177175 0.124 0.5375375375375375
1 0.635 0.22072072072072071 0.074 0.43543543543543545
1 0.328 0.2987987987987988 0.10400000000000001 0.5675675675675675
