1 0.177 0.33982035928143717 0.078 0.3263473053892216
2 0.431 0.5074850299401198 0.28200000000000003 0.15868263473053892
1 0.20600000000000002 0.36377245508982037 0.04 0.218562874251497
1 0.273 0.3532934131736527 0.05 0.251497005988024
1 0.332 0.2964071856287425 0.132 0.38323353293413176
0 0.489 0.44910179640718567 0.20600000000000002 0.39520958083832336
1 0.5720000000000001 0.3353293413173653 0.168 0.5449101796407186
1 0.643 0.3607784431137725 0.042 0.16467065868263475
1 0.774 0.3038922155688623 0.168 0.6017964071856288
1 0.897 0.29940119760479045 0.126 0.5209580838323353
1 0.9580000000000001 0.344311377245509 0.036000000000000004 0.15568862275449102
