1 0.6585937500000001 0.3052083333333333 0.0859375 0.34375
1 0.73984375 0.27708333333333335 0.0734375 0.24166666666666667
1 0.20546875 0.321875 0.06406250000000001 0.2604166666666667
1 0.11484375000000001 0.315625 0.0859375 0.22708333333333333
2 0.7742187500000001 0.740625 0.1921875 0.33958333333333335
2 0.70625 0.5364583333333334 0.146875 0.17708333333333334
2 0.48125 0.5458333333333333 0.19062500000000002 0.19583333333333333
2 0.5796875 0.40729166666666666 0.096875 0.10625
2 0.45390625 0.4239583333333333 0.16718750000000002 0.052083333333333336
2 0.4140625 0.3989583333333333 0.17500000000000002 0.06458333333333333
2 0.39375000000000004 0.3614583333333333 0.07187500000000001 0.06041666666666667
2 0.3171875 0.3677083333333333 0.084375 0.052083333333333336
2 0.23203125000000002 0.5354166666666667 0.3171875 0.15833333333333333
2 0.2078125 0.44479166666666664 0.23125 0.07291666666666667
