2 0.363 0.6733128834355829 0.115 0.1114519427402863
0 0.56475 0.6451942740286299 0.0885 0.21881390593047037
0 0.068 0.612474437627812 0.05 0.114519427402863
0 0.1865 0.6027607361963191 0.051000000000000004 0.18711656441717794
0 0.23875000000000002 0.6344580777096115 0.0575 0.16257668711656442
2 0.28500000000000003 0.6421267893660533 0.037 0.130879345603272
0 0.08675000000000001 0.5383435582822086 0.0405 0.2893660531697342
1 0.11425 0.5419222903885481 0.0555 0.40490797546012275
1 0.153 0.48108384458077713 0.044 0.21370143149284257
1 0.47650000000000003 0.5690184049079755 0.046 0.43251533742331294
1 0.505 0.5690184049079755 0.031 0.34253578732106343
1 0.62275 0.5306748466257669 0.0575 0.3353783231083845
1 0.6667500000000001 0.5301635991820042 0.07150000000000001 0.39366053169734155
1 0.72 0.4447852760736197 0.018000000000000002 0.21063394683026587
1 0.73675 0.47239263803680986 0.0235 0.20040899795501024
1 0.75725 0.4606339468302659 0.0225 0.22392638036809817
1 0.79725 0.5362985685071575 0.0465 0.1932515337423313
1 0.8562500000000001 0.48108384458077713 0.0585 0.35276073619631904
1 0.91325 0.5710633946830267 0.0765 0.4243353783231084
