2 0.38278388278388276 0.8400000000000001 0.2271062271062271 0.32
1 0.2619047619047619 0.5616666666666666 0.11721611721611722 0.79
1 0.12087912087912088 0.5066666666666667 0.12087912087912088 0.7200000000000001
1 0.20238095238095238 0.44 0.07142857142857142 0.64
1 0.3232600732600733 0.445 0.09340659340659341 0.5166666666666667
1 0.3965201465201465 0.45333333333333337 0.07875457875457875 0.5666666666666667
1 0.45787545787545786 0.4366666666666667 0.0695970695970696 0.5866666666666667
1 0.4981684981684982 0.45833333333333337 0.06227106227106227 0.5433333333333333
1 0.5521978021978022 0.4766666666666667 0.08974358974358974 0.6533333333333333
1 0.6098901098901099 0.5133333333333334 0.08058608058608059 0.7000000000000001
3 0.8443223443223443 0.48833333333333334 0.31135531135531136 0.9633333333333334
