2 0.7054631828978623 0.8324022346368716 0.5890736342042756 0.28491620111731847
2 0.4144893111638955 0.8212290502793297 0.7529691211401426 0.27932960893854747
0 0.35510688836104515 0.4399441340782123 0.30641330166270786 0.611731843575419
1 0.14251781472684086 0.38687150837988826 0.21852731591448932 0.5446927374301677
0 0.655581947743468 0.5139664804469274 0.16152019002375298 0.27932960893854747
3 0.8396674584323041 0.3170391061452514 0.09263657957244656 0.19273743016759778
3 0.7541567695961996 0.3268156424581006 0.05463182897862233 0.09497206703910614
3 0.7137767220902613 0.3505586592178771 0.05938242280285036 0.10335195530726257
3 0.5368171021377672 0.5586592178770949 0.0997624703087886 0.2122905027932961
3 0.5320665083135392 0.39385474860335196 0.09501187648456058 0.11731843575418995
