2 0.503125 0.7245017584994138 0.5328125 0.4994138335287221
1 0.37226562500000004 0.5943728018757327 0.19453125000000002 0.6096131301289566
1 0.70703125 0.6705744431418522 0.1234375 0.5181711606096131
1 0.70078125 0.5750293083235638 0.184375 0.7045720984759671
0 0.84375 0.6348182883939039 0.146875 0.5920281359906213
0 0.926953125 0.4079718640093786 0.13203125000000002 0.33294255568581477
3 0.14570312500000002 0.30539273153575613 0.15234375 0.3106682297772567
3 0.053125000000000006 0.30539273153575613 0.09843750000000001 0.29894490035169985
3 0.260546875 0.2801875732708089 0.14140625 0.3188745603751465
3 0.326953125 0.26318874560375144 0.10703125000000001 0.28487690504103164
3 0.42500000000000004 0.26025791324736225 0.1234375 0.21570926143024619
3 0.5734375 0.23739742086752635 0.1390625 0.28487690504103164
3 0.681640625 0.24736225087924968 0.15234375 0.2508792497069168
3 0.8359375 0.2702227432590856 0.1328125 0.23329425556858147
3 0.7605468750000001 0.24912075029308323 0.10078125 0.22391559202813596
