1 0.8942307692307692 0.4206730769230769 0.08974358974358974 0.46634615384615385
1 0.8381410256410257 0.3557692307692308 0.09294871794871795 0.4807692307692308
0 0.7451923076923077 0.47355769230769235 0.16987179487179488 0.514423076923077
1 0.6298076923076923 0.34855769230769235 0.060897435897435896 0.3317307692307693
1 0.5512820512820512 0.45432692307692313 0.09615384615384615 0.5432692307692308
0 0.48878205128205127 0.514423076923077 0.1891025641025641 0.5961538461538461
1 0.34615384615384615 0.3028846153846154 0.10256410256410256 0.2980769230769231
1 0.22435897435897434 0.5216346153846154 0.1346153846153846 0.7259615384615385
0 0.35096153846153844 0.4951923076923077 0.125 0.17307692307692307
2 0.2419871794871795 0.6538461538461539 0.3301282051282051 0.14423076923076925
