1 0.085 0.5865633074935401 0.16333333333333333 0.6149870801033592
1 0.25 0.44573643410852715 0.2066666666666667 0.5348837209302326
3 0.375 0.23385012919896642 0.14333333333333334 0.2971576227390181
1 0.5700000000000001 0.26356589147286824 0.26 0.5012919896640827
1 0.8150000000000001 0.7144702842377262 0.14333333333333334 0.4625322997416021
1 0.915 0.727390180878553 0.17 0.5348837209302326
1 0.7716666666666667 0.4715762273901809 0.26333333333333336 0.5142118863049095
1 0.455 0.7467700258397933 0.20333333333333334 0.5064599483204134
1 0.34833333333333333 0.6369509043927649 0.16333333333333333 0.524547803617571
2 0.6233333333333334 0.70671834625323 0.22666666666666668 0.40568475452196384
