2 0.5459016393442623 0.6150234741784038 0.1540983606557377 0.2535211267605634
1 0.12622950819672132 0.4272300469483568 0.2459016393442623 0.8450704225352113
0 0.38524590163934425 0.6103286384976526 0.23934426229508196 0.4507042253521127
1 0.35081967213114756 0.23708920187793428 0.09180327868852459 0.4647887323943662
1 0.4065573770491803 0.13849765258215962 0.06557377049180328 0.23943661971830987
1 0.43934426229508194 0.1807511737089202 0.05245901639344262 0.35211267605633806
0 0.5426229508196722 0.363849765258216 0.21967213114754097 0.25821596244131456
3 0.5098360655737705 0.11971830985915494 0.08196721311475409 0.23004694835680753
1 0.5918032786885246 0.22300469483568075 0.06229508196721312 0.4366197183098592
1 0.6409836065573771 0.29107981220657275 0.08852459016393442 0.5164319248826291
1 0.7508196721311475 0.3403755868544601 0.1377049180327869 0.6431924882629109
1 0.8885245901639345 0.49765258215962443 0.21639344262295082 0.9765258215962441
