2 0.4584717607973422 0.5714285714285714 0.24584717607973422 0.2857142857142857
0 0.23920265780730898 0.3271889400921659 0.07973421926910298 0.2857142857142857
1 0.32558139534883723 0.3064516129032258 0.046511627906976744 0.3548387096774194
1 0.36710963455149503 0.35944700460829493 0.06312292358803986 0.34101382488479265
1 0.41362126245847175 0.3317972350230415 0.05647840531561462 0.35944700460829493
1 0.47176079734219273 0.32027649769585254 0.09302325581395349 0.3548387096774194
1 0.5548172757475083 0.2880184331797235 0.0664451827242525 0.4009216589861751
3 0.632890365448505 0.1935483870967742 0.08305647840531562 0.1382488479262673
3 0.7292358803986712 0.16359447004608296 0.12956810631229237 0.2903225806451613
1 0.6910299003322259 0.5092165898617511 0.25249169435215946 0.5299539170506913
