3 0.124 0.5015015015015015 0.244 0.996996996996997
2 0.41100000000000003 0.7987987987987988 0.306 0.39039039039039036
0 0.366 0.5465465465465466 0.252 0.4744744744744745
0 0.676 0.5690690690690691 0.26 0.6336336336336337
0 0.775 0.3813813813813814 0.302 0.7567567567567568
0 0.503 0.45045045045045046 0.17 0.42042042042042044
0 0.358 0.24174174174174173 0.224 0.44744744744744747
3 0.562 0.14864864864864866 0.124 0.2912912912912913
1 0.9430000000000001 0.07057057057057058 0.05 0.13513513513513514
3 0.267 0.1066066066066066 0.098 0.2072072072072072
