2 0.5184331797235023 0.8190045248868779 0.511520737327189 0.3619909502262444
1 0.14285714285714285 0.44117647058823534 0.2488479262672811 0.8461538461538463
1 0.2626728110599078 0.27828054298642535 0.11981566820276497 0.4479638009049774
1 0.4009216589861751 0.328054298642534 0.12903225806451613 0.4570135746606335
1 0.5230414746543779 0.3416289592760181 0.1152073732718894 0.5113122171945702
1 0.6059907834101382 0.2918552036199095 0.1152073732718894 0.4298642533936652
0 0.8410138248847926 0.6515837104072398 0.31797235023041476 0.6425339366515838
1 0.7465437788018433 0.28280542986425344 0.11059907834101382 0.4208144796380091
1 0.8755760368663594 0.2533936651583711 0.11059907834101382 0.3257918552036199
1 0.9331797235023042 0.2239819004524887 0.07834101382488479 0.3212669683257919
