2 0.439 0.6616766467065869 0.354 0.3293413173652695
1 0.042 0.42215568862275454 0.08 0.36526946107784436
1 0.117 0.39670658682634735 0.098 0.37425149700598803
1 0.155 0.38922155688622756 0.05 0.23952095808383234
3 0.199 0.42664670658682635 0.034 0.15269461077844312
1 0.264 0.31886227544910184 0.10400000000000001 0.26047904191616766
1 0.362 0.3293413173652695 0.088 0.22754491017964074
3 0.52 0.29191616766467066 0.20800000000000002 0.3383233532934132
1 0.6930000000000001 0.3982035928143713 0.094 0.38323353293413176
3 0.763 0.26197604790419166 0.054 0.15868263473053892
1 0.796 0.3997005988023952 0.1 0.3922155688622755
1 0.897 0.4176646706586827 0.074 0.42814371257485034
1 0.9540000000000001 0.42664670658682635 0.092 0.6317365269461078
0 0.622 0.6137724550898204 0.248 0.47904191616766467
3 0.47200000000000003 0.5059880239520959 0.124 0.2095808383233533
3 0.37 0.45209580838323354 0.096 0.16167664670658682
0 0.2 0.720059880239521 0.232 0.5598802395209581
