1 0.06875 0.45805369127516776 0.1225 0.6006711409395973
1 0.17875 0.3187919463087248 0.10250000000000001 0.4228187919463087
1 0.3175 0.27348993288590606 0.145 0.5402684563758389
1 0.88125 0.21476510067114093 0.1125 0.36912751677852346
1 0.7525000000000001 0.19463087248322147 0.045 0.16778523489932887
1 0.725 0.18288590604026844 0.04 0.18456375838926173
1 0.6900000000000001 0.17281879194630873 0.035 0.1442953020134228
3 0.605 0.15268456375838926 0.045 0.15100671140939598
1 0.49375 0.23993288590604026 0.0625 0.41946308724832215
1 0.55 0.28187919463087246 0.07 0.35570469798657717
0 0.63125 0.37416107382550334 0.1075 0.32550335570469796
2 0.62875 0.6040268456375839 0.3125 0.2550335570469799
