2 0.6063636363636363 0.5231607629427792 0.17636363636363636 0.10899182561307902
3 0.12 0.332425068119891 0.09818181818181818 0.24523160762942778
1 0.3990909090909091 0.4073569482288828 0.08181818181818182 0.3787465940054496
1 0.45545454545454545 0.3869209809264305 0.05272727272727273 0.34877384196185285
1 0.5427272727272727 0.3760217983651226 0.05272727272727273 0.2833787465940054
1 0.5936363636363636 0.3433242506811989 0.06363636363636363 0.2997275204359673
1 0.6509090909090909 0.35013623978201636 0.04727272727272727 0.2098092643051771
1 0.69 0.39237057220708443 0.06727272727272728 0.3651226158038147
1 0.7363636363636363 0.3678474114441417 0.05454545454545454 0.2833787465940054
1 0.7854545454545454 0.37738419618528607 0.05818181818181818 0.3569482288828338
1 0.8563636363636363 0.38828337874659397 0.06909090909090909 0.38419618528610355
3 0.9054545454545454 0.32697547683923706 0.06545454545454546 0.19618528610354222
