2 0.5958333333333333 0.821852731591449 0.385 0.2755344418052257
0 0.26416666666666666 0.7019002375296912 0.31833333333333336 0.4821852731591449
0 0.42750000000000005 0.5914489311163895 0.17833333333333334 0.3182897862232779
1 0.5941666666666667 0.35510688836104515 0.14833333333333334 0.5914489311163895
0 0.7566666666666667 0.35391923990498814 0.17 0.3847980997624703
0 0.9616666666666668 0.32185273159144895 0.07666666666666667 0.32541567695962
0 0.1575 0.4299287410926366 0.2916666666666667 0.47030878859857483
1 0.4525 0.2862232779097387 0.10500000000000001 0.42042755344418054
1 0.2575 0.30522565320665085 0.14500000000000002 0.4014251781472684
1 0.5133333333333334 0.2470308788598575 0.05666666666666667 0.20902612826603326
1 0.6491666666666667 0.2945368171021378 0.058333333333333334 0.2470308788598575
0 0.6883333333333334 0.2945368171021378 0.07666666666666667 0.15676959619952494
3 0.03666666666666667 0.1793349168646081 0.07 0.22565320665083136
