2 0.4766666666666667 0.6607717041800643 0.7488888888888889 0.5434083601286174
0 0.5455555555555556 0.5803858520900321 0.33555555555555555 0.3440514469453376
0 0.11 0.4678456591639871 0.21555555555555556 0.8070739549839229
1 0.6933333333333334 0.3311897106109325 0.2311111111111111 0.6559485530546624
1 0.86 0.3295819935691318 0.13777777777777778 0.5434083601286174
0 0.9066666666666666 0.6334405144694534 0.18666666666666668 0.3858520900321543
3 0.9677777777777777 0.3295819935691318 0.06444444444444444 0.40192926045016075
1 0.5044444444444445 0.27491961414790994 0.1688888888888889 0.49196141479099675
1 0.3611111111111111 0.33440514469453375 0.14444444444444443 0.5337620578778135
1 0.22666666666666666 0.3311897106109325 0.13333333333333333 0.5144694533762058
