2 0.3372727272727273 0.7752161383285302 0.1509090909090909 0.20172910662824206
0 0.4481818181818182 0.7608069164265129 0.12545454545454546 0.25936599423631124
0 0.5854545454545454 0.6311239193083573 0.13454545454545455 0.28242074927953886
1 0.7018181818181818 0.5763688760806917 0.08363636363636363 0.34582132564841495
1 0.69 0.5115273775216138 0.06727272727272728 0.35446685878962536
3 0.610909090909091 0.4524495677233429 0.08363636363636363 0.19020172910662822
3 0.5572727272727273 0.4207492795389049 0.05272727272727273 0.1786743515850144
0 0.5054545454545455 0.46974063400576366 0.06909090909090909 0.24207492795389046
0 0.4581818181818182 0.531700288184438 0.13818181818181818 0.21037463976945245
1 0.3481818181818182 0.5446685878962536 0.10727272727272727 0.20749279538904897
3 0.37545454545454543 0.4048991354466859 0.0890909090909091 0.15850144092219018
