1 0.13670411985018727 0.47513812154696133 0.14606741573033707 0.8287292817679558
3 0.25842696629213485 0.3259668508287293 0.03745318352059925 0.287292817679558
0 0.2340823970037453 0.5165745856353591 0.08614232209737828 0.5138121546961326
1 0.4363295880149813 0.3729281767955801 0.12359550561797752 0.4033149171270718
1 0.5730337078651685 0.47237569060773477 0.149812734082397 0.5580110497237569
1 0.9344569288389514 0.47790055248618785 0.1310861423220974 0.6132596685082873
1 0.8146067415730337 0.4917127071823204 0.19101123595505617 0.7513812154696132
1 0.7134831460674157 0.4889502762430939 0.10112359550561797 0.6353591160220994
0 0.4232209737827715 0.6464088397790055 0.17228464419475656 0.2983425414364641
2 0.3146067415730337 0.7375690607734806 0.0898876404494382 0.08287292817679558
