2 0.459 0.5779944289693594 0.262 0.2924791086350975
0 0.6920000000000001 0.5181058495821727 0.244 0.5459610027855153
3 0.741 0.16991643454038996 0.126 0.3008356545961003
3 0.635 0.23259052924791088 0.09 0.18662952646239556
1 0.553 0.3022284122562674 0.082 0.4206128133704735
1 0.47100000000000003 0.3147632311977716 0.10200000000000001 0.3342618384401114
1 0.425 0.33565459610027853 0.082 0.34818941504178275
1 0.363 0.3607242339832869 0.078 0.34818941504178275
1 0.333 0.32172701949860727 0.066 0.37604456824512533
3 0.23800000000000002 0.3008356545961003 0.088 0.233983286908078
