1 0.6074950690335306 0.5016666666666667 0.07889546351084813 0.31
2 0.3619329388560158 0.5850000000000001 0.1715976331360947 0.14333333333333334
1 0.5670611439842209 0.49000000000000005 0.0650887573964497 0.28
1 0.5305719921104537 0.48500000000000004 0.05128205128205129 0.2566666666666667
1 0.4891518737672584 0.48333333333333334 0.0591715976331361 0.26
1 0.4072978303747535 0.4716666666666667 0.045364891518737675 0.19
1 0.3727810650887574 0.45833333333333337 0.04733727810650888 0.18333333333333335
1 0.33333333333333337 0.4466666666666667 0.03944773175542406 0.17333333333333334
1 0.252465483234714 0.465 0.05128205128205129 0.20333333333333334
1 0.45069033530571995 0.4716666666666667 0.04142011834319527 0.21000000000000002
