2 0.6471571906354515 0.52125 0.3846153846153846 0.1925
0 0.5501672240802675 0.40750000000000003 0.18394648829431437 0.135
1 0.6404682274247492 0.27625 0.11705685618729096 0.23750000000000002
0 0.5484949832775919 0.26625 0.09364548494983277 0.1625
0 0.36622073578595316 0.32125 0.1705685618729097 0.1975
3 0.34782608695652173 0.1825 0.10033444816053512 0.115
1 0.28929765886287623 0.24375 0.09698996655518395 0.3175
1 0.19732441471571907 0.27875 0.10033444816053512 0.2925
1 0.08862876254180602 0.46125 0.1705685618729097 0.8225
0 0.35451505016722407 0.435 0.18729096989966554 0.16
