0 0.19672131147540983 0.6990291262135921 0.2768670309653916 0.5242718446601942
2 0.3542805100182149 0.7682038834951456 0.21311475409836064 0.44417475728155337
0 0.5819672131147541 0.4939320388349514 0.18032786885245902 0.6334951456310679
1 0.8051001821493625 0.29004854368932037 0.07285974499089254 0.33252427184466016
1 0.8597449908925319 0.27305825242718446 0.061930783242258654 0.279126213592233
3 0.9608378870673953 0.1953883495145631 0.07103825136612021 0.14805825242718446
1 0.7422586520947176 0.28762135922330095 0.04918032786885246 0.27427184466019416
1 0.6903460837887068 0.28762135922330095 0.0692167577413479 0.27427184466019416
1 0.5072859744990893 0.3131067961165048 0.07103825136612021 0.35922330097087374
1 0.4016393442622951 0.3349514563106796 0.10746812386156648 0.3932038834951456
1 0.30418943533697634 0.36165048543689315 0.12021857923497267 0.4660194174757281
1 0.07650273224043716 0.4320388349514563 0.1493624772313297 0.7233009708737863
1 0.226775956284153 0.30461165048543687 0.10018214936247723 0.3519417475728155
