2 0.16166666666666668 0.7864450127877238 0.22333333333333336 0.13554987212276215
2 0.47000000000000003 0.7531969309462916 0.19 0.15089514066496165
2 0.8633333333333334 0.7672634271099745 0.18333333333333335 0.1483375959079284
1 0.08666666666666667 0.6061381074168798 0.13 0.5115089514066496
1 0.05416666666666667 0.5933503836317136 0.09166666666666667 0.47570332480818417
1 0.19083333333333335 0.561381074168798 0.095 0.41687979539641945
1 0.24833333333333335 0.5843989769820972 0.09000000000000001 0.45780051150895146
1 0.3616666666666667 0.6099744245524297 0.10333333333333335 0.45268542199488493
3 0.33416666666666667 0.45907928388746805 0.07166666666666667 0.29411764705882354
1 0.46 0.5831202046035806 0.10333333333333335 0.48593350383631717
1 0.5983333333333334 0.5843989769820972 0.12000000000000001 0.46803069053708446
1 0.535 0.5946291560102303 0.06333333333333334 0.4066496163682865
1 0.7025 0.5997442455242967 0.10166666666666667 0.45268542199488493
1 0.7791666666666667 0.6061381074168798 0.13166666666666668 0.5370843989769821
1 0.9283333333333333 0.6010230179028133 0.1366666666666667 0.5115089514066496
1 0.8350000000000001 0.5664961636828645 0.04666666666666667 0.45268542199488493
