2 0.341 0.834384858044164 0.63 0.29968454258675076
1 0.905 0.5094637223974763 0.19 0.9810725552050473
1 0.456 0.4116719242902208 0.164 0.8170347003154574
1 0.319 0.27917981072555204 0.054 0.2870662460567823
1 0.359 0.3186119873817035 0.034 0.22712933753943218
1 0.28 0.2886435331230284 0.048 0.2744479495268139
1 0.247 0.31230283911671924 0.042 0.25236593059936907
1 0.223 0.2917981072555205 0.054 0.2870662460567823
1 0.169 0.2886435331230284 0.046 0.26813880126182965
1 0.036000000000000004 0.28233438485804413 0.068 0.2870662460567823
