2 0.794 0.6866666666666666 0.41200000000000003 0.41333333333333333
2 0.179 0.46266666666666667 0.222 0.17866666666666667
2 0.608 0.48266666666666663 0.252 0.16533333333333333
2 0.449 0.472 0.094 0.14933333333333332
2 0.362 0.42933333333333334 0.06 0.09066666666666666
1 0.183 0.29466666666666663 0.09 0.2693333333333333
1 0.36 0.27999999999999997 0.076 0.256
1 0.662 0.25066666666666665 0.156 0.44266666666666665
0 0.804 0.33999999999999997 0.136 0.38666666666666666
0 0.914 0.36266666666666664 0.14 0.39999999999999997
0 0.498 0.3506666666666667 0.176 0.20533333333333334
3 0.454 0.22 0.096 0.14666666666666667
1 0.297 0.29466666666666663 0.05 0.21066666666666667
3 0.32 0.316 0.06 0.13066666666666665
3 0.266 0.33999999999999997 0.1 0.11466666666666667
0 0.418 0.412 0.068 0.15733333333333333
