2 0.5175 0.6361607142857143 0.115 0.20982142857142855
0 0.635 0.578125 0.145 0.2901785714285714
0 0.17500000000000002 0.5535714285714285 0.195 0.5714285714285714
3 0.19625 0.25223214285714285 0.1675 0.2901785714285714
3 0.36375 0.14955357142857142 0.0925 0.2901785714285714
0 0.3975 0.42410714285714285 0.17500000000000002 0.7321428571428571
1 0.47125 0.39732142857142855 0.0925 0.45535714285714285
1 0.5650000000000001 0.29464285714285715 0.09 0.39285714285714285
1 0.71875 0.28794642857142855 0.1275 0.53125
3 0.845 0.16964285714285712 0.07 0.14285714285714285
