2 0.51953125 0.7295081967213115 0.4890625 0.2505854800936768
1 0.94140625 0.27634660421545665 0.1171875 0.4028103044496487
1 0.7937500000000001 0.31381733021077285 0.10312500000000001 0.4309133489461358
1 0.8359375 0.27400468384074944 0.065625 0.40749414519906324
1 0.7328125000000001 0.2576112412177986 0.109375 0.31381733021077285
1 0.65625 0.25526932084309134 0.10312500000000001 0.36533957845433257
1 0.5710937500000001 0.32084309133489464 0.13593750000000002 0.5199063231850117
1 0.44062500000000004 0.2962529274004684 0.140625 0.5175644028103045
1 0.1796875 0.5011709601873536 0.35625 0.9929742388758782
0 0.37734375000000003 0.4672131147540984 0.1765625 0.32084309133489464
0 0.25390625 0.5140515222482436 0.1609375 0.37236533957845436
3 0.30703125000000003 0.24473067915690866 0.0890625 0.2224824355971897
3 0.19843750000000002 0.19672131147540983 0.09375 0.3044496487119438
3 0.24375000000000002 0.25175644028103045 0.07500000000000001 0.21779859484777517
