2 0.4490909090909091 0.8081081081081082 0.4 0.1945945945945946
0 0.19090909090909092 0.6932432432432433 0.24 0.4027027027027027
0 0.38545454545454544 0.6621621621621622 0.17454545454545456 0.23243243243243245
0 0.26272727272727275 0.6094594594594595 0.12181818181818181 0.28378378378378377
1 0.2509090909090909 0.36081081081081084 0.09090909090909091 0.3054054054054054
1 0.3236363636363636 0.4202702702702703 0.06545454545454546 0.3162162162162162
0 0.38181818181818183 0.40675675675675677 0.08363636363636363 0.20810810810810812
1 0.54 0.4851351351351352 0.10545454545454545 0.4891891891891892
1 0.6236363636363637 0.4905405405405406 0.09818181818181818 0.4513513513513514
1 0.7290909090909091 0.5054054054054055 0.10909090909090909 0.6108108108108108
1 0.8154545454545454 0.5175675675675676 0.09636363636363636 0.6189189189189189
1 0.8654545454545455 0.44189189189189193 0.07636363636363637 0.40810810810810816
1 0.9745454545454545 0.3945945945945946 0.05090909090909091 0.4594594594594595
1 0.4781818181818182 0.3932432432432433 0.05818181818181818 0.3054054054054054
