2 0.559 0.8614457831325302 0.494 0.22891566265060243
0 0.586 0.6656626506024097 0.18 0.355421686746988
1 0.115 0.4487951807228916 0.17400000000000002 0.536144578313253
1 0.23500000000000001 0.2846385542168675 0.134 0.4066265060240964
1 0.321 0.27259036144578314 0.098 0.37650602409638556
1 0.35000000000000003 0.18222891566265062 0.07200000000000001 0.3283132530120482
1 0.417 0.24698795180722893 0.10200000000000001 0.4036144578313253
1 0.542 0.2530120481927711 0.124 0.3855421686746988
1 0.654 0.2605421686746988 0.096 0.35843373493975905
0 0.8180000000000001 0.27108433734939763 0.096 0.24096385542168675
1 0.918 0.07078313253012049 0.048 0.10542168674698796
3 0.5670000000000001 0.12349397590361447 0.058 0.14457831325301207
3 0.7000000000000001 0.15813253012048192 0.048 0.15963855421686748
