2 0.30907372400756145 0.7833333333333334 0.3799621928166352 0.16666666666666669
1 0.4338374291115312 0.12000000000000001 0.06616257088846882 0.23333333333333334
1 0.3525519848771267 0.12333333333333334 0.062381852551984876 0.24000000000000002
1 0.2542533081285444 0.10500000000000001 0.05860113421550095 0.20333333333333334
1 0.0888468809073724 0.49500000000000005 0.14744801512287334 0.79
0 0.1824196597353497 0.5616666666666666 0.13043478260869565 0.38333333333333336
1 0.4574669187145558 0.6366666666666667 0.13232514177693763 0.6933333333333334
1 0.5642722117202269 0.5766666666666667 0.09640831758034027 0.6666666666666667
1 0.7400756143667298 0.5750000000000001 0.11531190926275993 0.6566666666666667
1 0.9168241965973535 0.5416666666666667 0.1285444234404537 0.7033333333333334
