2 0.3485254691689008 0.8235294117647058 0.40214477211796246 0.3352941176470588
1 0.7613941018766757 0.5191176470588236 0.21983914209115282 0.9558823529411764
1 0.564343163538874 0.35441176470588237 0.1260053619302949 0.38529411764705884
1 0.4571045576407507 0.2529411764705882 0.08847184986595175 0.27647058823529413
1 0.3739946380697051 0.3044117647058823 0.09919571045576407 0.35
1 0.2801608579088472 0.3029411764705882 0.11528150134048258 0.4823529411764706
1 0.18900804289544237 0.4073529411764706 0.10455764075067024 0.6088235294117647
1 0.09785522788203753 0.42205882352941176 0.1742627345844504 0.6852941176470588
0 0.31769436997319034 0.5955882352941176 0.22788203753351208 0.3323529411764706
0 0.4611260053619303 0.5088235294117647 0.17158176943699732 0.2647058823529412
