0 0.7046666666666667 0.7001779359430604 0.3426666666666667 0.599644128113879
2 0.4973333333333333 0.6814946619217082 0.31466666666666665 0.3096085409252669
0 0.472 0.4750889679715302 0.18933333333333333 0.27046263345195726
3 0.24133333333333332 0.5987544483985765 0.384 0.791814946619217
1 0.36133333333333334 0.3656583629893238 0.10666666666666666 0.3505338078291815
3 0.27599999999999997 0.346085409252669 0.08 0.2864768683274021
3 0.5706666666666667 0.26601423487544484 0.08533333333333333 0.23309608540925267
3 0.526 0.251779359430605 0.07333333333333333 0.1690391459074733
3 0.4713333333333333 0.2686832740213523 0.06799999999999999 0.15302491103202845
1 0.4073333333333333 0.2891459074733096 0.052 0.15124555160142347
3 0.426 0.2998220640569395 0.076 0.17259786476868327
3 0.6513333333333333 0.2588967971530249 0.092 0.2295373665480427
3 0.7 0.3211743772241993 0.20266666666666666 0.3291814946619217
3 0.8013333333333333 0.3585409252669039 0.12533333333333332 0.35409252669039143
3 0.952 0.33540925266903915 0.096 0.32206405693950174
3 0.9279999999999999 0.33007117437722416 0.09333333333333332 0.25088967971530246
1 0.8833333333333333 0.38256227758007116 0.06 0.3807829181494662
