2 0.47200000000000003 0.7772727272727272 0.332 0.42727272727272725
0 0.718 0.5181818181818182 0.332 0.8787878787878788
1 0.49 0.22575757575757577 0.10400000000000001 0.44545454545454544
1 0.252 0.26212121212121214 0.14 0.5181818181818182
1 0.332 0.2 0.076 0.3939393939393939
1 0.385 0.15 0.074 0.29393939393939394
1 0.584 0.2106060606060606 0.064 0.41515151515151516
1 0.652 0.24393939393939393 0.092 0.4818181818181818
3 0.747 0.09090909090909091 0.09 0.12727272727272726
1 0.435 0.14393939393939395 0.046 0.2818181818181818
