1 0.049342105263157895 0.46385542168674704 0.07236842105263158 0.4819277108433735
1 0.20888157894736842 0.5753012048192772 0.09539473684210525 0.5481927710843374
1 0.2763157894736842 0.38253012048192775 0.07894736842105263 0.427710843373494
1 0.38980263157894735 0.5090361445783133 0.0756578947368421 0.5240963855421688
3 0.475328947368421 0.32228915662650603 0.0625 0.22289156626506026
1 0.4671052631578947 0.6536144578313253 0.07236842105263158 0.5
2 0.6019736842105263 0.7620481927710844 0.18421052631578946 0.25903614457831325
1 0.6973684210526315 0.5391566265060241 0.05921052631578947 0.5120481927710844
1 0.7730263157894737 0.5301204819277109 0.08552631578947367 0.5542168674698795
1 0.9424342105263157 0.5421686746987953 0.0756578947368421 0.5301204819277109
3 0.412828947368421 0.10240963855421688 0.06907894736842105 0.1927710843373494
