1 0.392 0.2300163132137031 0.112 0.20228384991843393
1 0.757 0.25938009787928223 0.098 0.20880913539967375
1 0.801 0.433115823817292 0.094 0.14192495921696574
3 0.809 0.570146818923328 0.094 0.12887438825448613
1 0.8320000000000001 0.7308319738988581 0.112 0.25774877650897227
1 0.738 0.6729200652528549 0.084 0.200652528548124
1 0.51 0.7544861337683524 0.128 0.2234910277324633
1 0.587 0.39314845024469824 0.08600000000000001 0.19575856443719414
1 0.463 0.42088091353996737 0.082 0.18270799347471453
1 0.325 0.43882544861337686 0.082 0.19575856443719414
1 0.28600000000000003 0.5595432300163132 0.08 0.21207177814029365
1 0.379 0.6076672104404568 0.066 0.2234910277324633
0 0.5660000000000001 0.45758564437194127 0.112 0.15497553017944535
2 0.602 0.5709624796084829 0.232 0.1272430668841762
3 0.377 0.4608482871125612 0.08600000000000001 0.11256117455138663
