2 0.5208333333333334 0.701923076923077 0.3942307692307692 0.38461538461538464
0 0.7435897435897436 0.6033653846153847 0.30128205128205127 0.6778846153846154
0 0.5673076923076923 0.3966346153846154 0.17307692307692307 0.4182692307692308
3 0.860576923076923 0.19951923076923078 0.08653846153846154 0.25480769230769235
3 0.9519230769230769 0.17307692307692307 0.08333333333333333 0.23076923076923078
3 0.7612179487179487 0.23317307692307693 0.08012820512820512 0.21634615384615385
3 0.6955128205128205 0.2043269230769231 0.10897435897435898 0.25480769230769235
1 0.05929487179487179 0.3197115384615385 0.10576923076923077 0.3028846153846154
1 0.1794871794871795 0.2764423076923077 0.08333333333333333 0.27403846153846156
3 0.4198717948717949 0.2644230769230769 0.10897435897435898 0.21153846153846156
