1 0.097 0.4339339339339339 0.19 0.7897897897897898
2 0.483 0.7417417417417418 0.262 0.4144144144144144
1 0.217 0.36036036036036034 0.158 0.6066066066066066
1 0.267 0.31981981981981983 0.10200000000000001 0.5135135135135135
1 0.362 0.31681681681681684 0.14400000000000002 0.5135135135135135
1 0.426 0.22822822822822822 0.056 0.25825825825825827
1 0.514 0.32732732732732733 0.132 0.5465465465465466
0 0.615 0.7642642642642643 0.29 0.3933933933933934
1 0.559 0.2732732732732733 0.078 0.4804804804804805
1 0.72 0.4069069069069069 0.156 0.7057057057057057
1 0.896 0.5045045045045045 0.20800000000000002 0.990990990990991
1 0.634 0.30930930930930933 0.10400000000000001 0.5405405405405406
