1 0.06484375 0.20198675496688742 0.1265625 0.3995584988962472
2 0.6882812500000001 0.7406181015452539 0.4703125 0.5187637969094923
1 0.17109375000000002 0.16556291390728478 0.07968750000000001 0.304635761589404
1 0.209375 0.22737306843267108 0.07500000000000001 0.4503311258278146
1 0.2703125 0.27483443708609273 0.109375 0.5452538631346578
1 0.3375 0.45805739514348787 0.140625 0.6247240618101545
0 0.515625 0.40286975717439294 0.234375 0.47019867549668876
1 0.8460937500000001 0.3852097130242826 0.2015625 0.673289183222958
1 0.734375 0.282560706401766 0.12187500000000001 0.5474613686534217
1 0.7351562500000001 0.18653421633554085 0.1328125 0.2980132450331126
1 0.6468750000000001 0.2682119205298013 0.1 0.45253863134657835
1 0.3921875 0.20088300220750552 0.078125 0.39293598233995586
3 0.53515625 0.141280353200883 0.15781250000000002 0.2737306843267108
