3 0.9346153846153846 0.23711340206185566 0.13076923076923078 0.4020618556701031
3 0.7673076923076924 0.21649484536082475 0.1576923076923077 0.3711340206185567
1 0.3730769230769231 0.3685567010309278 0.11538461538461539 0.3556701030927835
0 0.2519230769230769 0.49742268041237114 0.1807692307692308 0.30412371134020616
1 0.0826923076923077 0.4149484536082474 0.1423076923076923 0.5927835051546392
1 0.5096153846153847 0.16494845360824742 0.07307692307692308 0.1958762886597938
1 0.6442307692307693 0.17525773195876287 0.04230769230769231 0.18556701030927836
1 0.6865384615384615 0.17010309278350516 0.04230769230769231 0.14432989690721648
0 0.625 0.45103092783505155 0.11923076923076924 0.30412371134020616
2 0.4557692307692308 0.6907216494845361 0.4115384615384616 0.2268041237113402
3 0.3096153846153846 0.21649484536082475 0.10384615384615385 0.23711340206185566
