1 0.05166666666666667 0.1225 0.09666666666666668 0.23
1 0.15666666666666668 0.13125 0.12000000000000001 0.2425
1 0.26666666666666666 0.14375000000000002 0.10666666666666667 0.2575
1 0.4033333333333334 0.14125000000000001 0.1 0.2475
1 0.5233333333333333 0.14125000000000001 0.11333333333333334 0.2475
1 0.6416666666666667 0.16875 0.10333333333333335 0.2525
1 0.7933333333333333 0.155 0.14666666666666667 0.23
0 0.9516666666666668 0.24 0.09666666666666668 0.105
0 0.6583333333333333 0.38875 0.26333333333333336 0.17250000000000001
0 0.7733333333333334 0.52125 0.29333333333333333 0.2775
2 0.2833333333333333 0.66 0.56 0.44
