1 0.33728813559322035 0.5203619909502263 0.26101694915254237 0.7239819004524888
3 0.33728813559322035 0.07692307692307693 0.0847457627118644 0.14479638009049775
1 0.43389830508474575 0.16289592760180996 0.09491525423728814 0.31674208144796384
1 0.5288135593220339 0.30995475113122173 0.10169491525423728 0.3484162895927602
1 0.6050847457627119 0.22171945701357468 0.06440677966101695 0.2714932126696833
1 0.6661016949152542 0.1990950226244344 0.0711864406779661 0.28054298642533937
3 0.5067796610169492 0.07466063348416291 0.07796610169491525 0.14027149321266968
1 0.7338983050847457 0.11085972850678734 0.07796610169491525 0.21266968325791857
1 0.8440677966101695 0.2081447963800905 0.14915254237288136 0.40723981900452494
1 0.9322033898305084 0.330316742081448 0.13559322033898305 0.5520361990950227
2 0.5745762711864406 0.6809954751131222 0.3220338983050847 0.6108597285067874
