2 0.44 0.6912568306010929 0.4072727272727273 0.23497267759562843
1 0.05181818181818182 0.430327868852459 0.09636363636363636 0.6584699453551912
1 0.12272727272727273 0.383879781420765 0.11090909090909092 0.43989071038251365
1 0.22636363636363635 0.3879781420765027 0.10363636363636364 0.5355191256830601
1 0.32636363636363636 0.3743169398907104 0.13272727272727272 0.6502732240437158
1 0.4636363636363636 0.3360655737704918 0.11272727272727273 0.546448087431694
1 0.5718181818181818 0.337431693989071 0.07454545454545454 0.4180327868852459
1 0.63 0.33060109289617484 0.06363636363636363 0.46994535519125685
1 0.7354545454545455 0.42896174863387976 0.15454545454545454 0.8524590163934426
1 0.8381818181818181 0.383879781420765 0.12 0.7622950819672131
1 0.9627272727272728 0.43989071038251365 0.07454545454545454 0.8743169398907104
1 0.9290909090909091 0.3005464480874317 0.08 0.5792349726775956
3 0.6663636363636364 0.12978142076502733 0.04909090909090909 0.11748633879781421
