2 0.39 0.7342342342342342 0.304 0.23123123123123124
1 0.28200000000000003 0.44594594594594594 0.10400000000000001 0.47147147147147145
1 0.199 0.4519519519519519 0.09 0.46546546546546547
1 0.396 0.4144144144144144 0.084 0.39039039039039036
1 0.464 0.4114114114114114 0.052000000000000005 0.3483483483483483
1 0.447 0.47897897897897895 0.062 0.2552552552552553
1 0.5720000000000001 0.3963963963963964 0.076 0.3663663663663664
1 0.754 0.4189189189189189 0.06 0.21921921921921922
3 0.8160000000000001 0.34984984984984985 0.07200000000000001 0.23123123123123124
1 0.913 0.3783783783783784 0.098 0.3003003003003003
1 0.974 0.3933933933933934 0.052000000000000005 0.3843843843843844
