2 0.5789473684210527 0.7877138413685848 0.7031578947368421 0.25660964230171074
1 0.33842105263157896 0.37558320373250387 0.20526315789473684 0.6111975116640747
0 0.0831578947368421 0.40668740279937793 0.14947368421052631 0.27527216174183516
1 0.15210526315789474 0.2620528771384137 0.08736842105263158 0.4059097978227061
1 0.07263157894736842 0.19129082426127528 0.05263157894736842 0.21461897356143078
1 0.20789473684210527 0.16874027993779162 0.07263157894736842 0.2597200622083981
3 0.28789473684210526 0.1321928460342146 0.07263157894736842 0.19906687402799378
0 0.5078947368421053 0.23094867807153965 0.07263157894736842 0.15707620528771385
0 0.5573684210526315 0.3320373250388802 0.08736842105263158 0.2379471228615863
0 0.6389473684210526 0.3880248833592535 0.10526315789473684 0.27838258164852253
3 0.6989473684210527 0.2713841368584759 0.0863157894736842 0.15396578538102643
3 0.8078947368421052 0.2884914463452566 0.09789473684210526 0.19440124416796267
0 0.9168421052631579 0.17729393468118196 0.07157894736842105 0.2332814930015552
3 0.8063157894736842 0.11119751166407466 0.056842105263157895 0.13530326594090203
1 0.7068421052631578 0.13763608087091758 0.04526315789473684 0.18506998444790046
3 0.6752631578947368 0.1088646967340591 0.0431578947368421 0.15241057542768274
