2 0.68875 0.6877551020408164 0.3575 0.11836734693877551
1 0.435 0.5755102040816327 0.215 0.8489795918367348
1 0.58125 0.5489795918367347 0.11750000000000001 0.7306122448979593
1 0.23750000000000002 0.5571428571428572 0.14 0.5918367346938777
1 0.88 0.47755102040816333 0.075 0.4408163265306123
1 0.94375 0.4102040816326531 0.0525 0.31428571428571433
1 0.82375 0.38775510204081637 0.0375 0.20408163265306123
1 0.6325000000000001 0.39795918367346944 0.06 0.2326530612244898
0 0.78125 0.5938775510204082 0.1325 0.37959183673469393
3 0.72875 0.35714285714285715 0.0525 0.17551020408163268
3 0.7775 0.3489795918367347 0.055 0.15918367346938778
0 0.6425 0.6285714285714287 0.105 0.3020408163265306
