2 0.61 0.7378277153558053 0.54 0.36329588014981273
2 0.73625 0.4288389513108614 0.3875 0.08614232209737828
0 0.325 0.5917602996254682 0.51 0.4794007490636704
1 0.065 0.28745318352059923 0.12 0.20411985018726592
3 0.22875 0.27153558052434457 0.17250000000000001 0.19850187265917604
1 0.4275 0.36142322097378277 0.20500000000000002 0.5955056179775281
0 0.79 0.7031835205992509 0.42 0.45131086142322097
0 0.5700000000000001 0.33146067415730335 0.14 0.2209737827715356
1 0.7425 0.299625468164794 0.075 0.20599250936329588
1 0.8075 0.28745318352059923 0.07 0.1704119850187266
1 0.9025 0.29868913857677903 0.1 0.17415730337078653
