2 0.5475 0.7171052631578947 0.51 0.5592105263157895
3 0.11625 0.5559210526315789 0.2275 0.8684210526315789
1 0.88875 0.3026315789473684 0.1625 0.5986842105263157
1 0.82375 0.11348684210526315 0.0575 0.1875
1 0.75 0.15789473684210525 0.065 0.21710526315789472
1 0.685 0.15460526315789472 0.06 0.20394736842105263
1 0.605 0.28125 0.14 0.5427631578947368
1 0.47750000000000004 0.27796052631578944 0.15 0.5493421052631579
1 0.30375 0.2976973684210526 0.1225 0.575657894736842
1 0.15375 0.28618421052631576 0.1475 0.5657894736842105
1 0.20625000000000002 0.2664473684210526 0.08750000000000001 0.3157894736842105
1 0.36875 0.26151315789473684 0.0775 0.41776315789473684
