2 0.5406779661016949 0.5588235294117647 0.2677966101694915 0.17647058823529413
1 0.4440677966101695 0.3438914027149322 0.07457627118644068 0.2714932126696833
0 0.5779661016949152 0.38687782805429866 0.11186440677966102 0.26696832579185525
1 0.711864406779661 0.42760180995475117 0.1288135593220339 0.47511312217194573
1 0.8457627118644068 0.30316742081447967 0.06440677966101695 0.2533936651583711
1 0.7847457627118644 0.30995475113122173 0.04406779661016949 0.23076923076923078
1 0.923728813559322 0.3076923076923077 0.06440677966101695 0.2533936651583711
1 0.9796610169491525 0.29864253393665163 0.04067796610169491 0.24434389140271495
1 0.6322033898305085 0.30316742081447967 0.05084745762711864 0.2171945701357466
1 0.5322033898305084 0.30316742081447967 0.04745762711864407 0.2171945701357466
3 0.48983050847457626 0.26696832579185525 0.04406779661016949 0.13574660633484165
3 0.5796610169491525 0.24886877828054302 0.04745762711864407 0.1085972850678733
