1 0.18727272727272729 0.5012755102040816 0.21454545454545454 0.9974489795918366
1 0.4127272727272727 0.149234693877551 0.08 0.2831632653061224
1 0.5909090909090909 0.16709183673469385 0.07272727272727272 0.26785714285714285
1 0.5881818181818181 0.1173469387755102 0.04181818181818182 0.16326530612244897
1 0.6663636363636364 0.17474489795918366 0.06 0.28826530612244894
1 0.7127272727272728 0.14795918367346939 0.06181818181818182 0.2755102040816326
1 0.7754545454545455 0.23852040816326528 0.12181818181818181 0.45153061224489793
0 0.6436363636363637 0.5012755102040816 0.21454545454545454 0.30357142857142855
0 0.5 0.5191326530612245 0.2690909090909091 0.44132653061224486
2 0.5718181818181818 0.7448979591836734 0.5290909090909091 0.3061224489795918
