2 0.498 0.6552197802197802 0.196 0.18406593406593408
1 0.781 0.4807692307692308 0.11800000000000001 0.5879120879120879
1 0.666 0.5 0.136 0.6263736263736264
1 0.557 0.3942307692307693 0.126 0.42032967032967034
1 0.338 0.4793956043956044 0.128 0.6016483516483517
1 0.214 0.407967032967033 0.068 0.3763736263736264
1 0.256 0.3983516483516484 0.076 0.4010989010989011
1 0.096 0.38461538461538464 0.092 0.4120879120879121
1 0.885 0.42994505494505497 0.13 0.4862637362637363
0 0.644 0.6112637362637363 0.148 0.2884615384615385
0 0.395 0.506868131868132 0.202 0.43131868131868134
