2 0.3540856031128405 0.8656126482213438 0.6614785992217899 0.2608695652173913
1 0.6964980544747081 0.47826086956521735 0.21011673151750973 0.5612648221343873
1 0.5894941634241245 0.4802371541501976 0.15175097276264593 0.4150197628458498
1 0.33657587548638135 0.3913043478260869 0.13618677042801558 0.3952569169960474
1 0.17704280155642024 0.38142292490118573 0.12840466926070038 0.43083003952569165
1 0.033073929961089495 0.3438735177865612 0.058365758754863814 0.33992094861660077
1 0.0933852140077821 0.3181818181818182 0.07003891050583658 0.3438735177865612
1 0.8579766536964981 0.41897233201581024 0.08949416342412451 0.3557312252964427
3 0.9416342412451362 0.33794466403162055 0.10116731517509728 0.19367588932806323
1 0.8015564202334631 0.41699604743083 0.0622568093385214 0.35968379446640314
