2 0.446 0.8441176470588235 0.384 0.16470588235294117
0 0.113 0.625 0.166 0.3264705882352941
0 0.392 0.625 0.132 0.20294117647058824
1 0.187 0.5411764705882353 0.08600000000000001 0.4647058823529412
1 0.293 0.5441176470588235 0.098 0.38235294117647056
1 0.40900000000000003 0.5191176470588236 0.078 0.34411764705882353
1 0.509 0.49411764705882355 0.08600000000000001 0.4294117647058823
1 0.597 0.5058823529411764 0.08600000000000001 0.3529411764705882
1 0.648 0.47941176470588237 0.068 0.3941176470588235
1 0.714 0.48970588235294116 0.06 0.3558823529411765
1 0.781 0.475 0.082 0.3911764705882353
1 0.881 0.47352941176470587 0.09 0.32941176470588235
1 0.9410000000000001 0.4764705882352941 0.062 0.31176470588235294
