1 0.27382812500000003 0.4256944444444445 0.09921875000000001 0.7708333333333334
1 0.35234375 0.5361111111111111 0.16562500000000002 0.9277777777777778
1 0.534375 0.2847222222222222 0.051562500000000004 0.2833333333333333
1 0.605078125 0.2826388888888889 0.07734375 0.3125
0 0.75546875 0.5777777777777778 0.1484375 0.5222222222222223
3 0.7265625 0.23402777777777778 0.065625 0.15416666666666667
1 0.839453125 0.35625 0.10078125 0.45416666666666666
0 0.532421875 0.6569444444444444 0.27421875 0.5194444444444445
2 0.73203125 0.6993055555555556 0.171875 0.4375
1 0.208984375 0.27569444444444446 0.03359375 0.20694444444444446
1 0.45937500000000003 0.2638888888888889 0.037500000000000006 0.225
