0 0.43500000000000005 0.8054298642533937 0.18666666666666668 0.31674208144796384
1 0.7916666666666667 0.5882352941176471 0.12333333333333334 0.42533936651583715
1 0.7725000000000001 0.4886877828054299 0.12833333333333335 0.416289592760181
3 0.6525000000000001 0.416289592760181 0.10833333333333334 0.20361990950226247
0 0.6333333333333334 0.6414027149321267 0.19 0.3054298642533937
3 0.5908333333333333 0.39027149321266974 0.10500000000000001 0.19230769230769232
0 0.5066666666666667 0.4513574660633485 0.08666666666666667 0.27828054298642535
0 0.42750000000000005 0.5158371040723982 0.155 0.26244343891402716
3 0.32833333333333337 0.36877828054298645 0.11333333333333334 0.1809954751131222
1 0.2841666666666667 0.5305429864253394 0.10833333333333334 0.22850678733031676
1 0.17500000000000002 0.4728506787330317 0.08666666666666667 0.2895927601809955
2 0.3275 0.8076923076923077 0.30833333333333335 0.3212669683257919
