0 0.36669921875 0.7236111111111111 0.2138671875 0.43333333333333335
0 0.462890625 0.7173611111111111 0.15234375 0.4291666666666667
0 0.65673828125 0.775 0.3798828125 0.4166666666666667
0 0.7568359375 0.6430555555555556 0.37109375 0.6833333333333333
1 0.9111328125 0.4951388888888889 0.166015625 0.8569444444444445
3 0.79150390625 0.19236111111111112 0.1669921875 0.3458333333333333
3 0.6982421875 0.21041666666666667 0.150390625 0.2513888888888889
1 0.50634765625 0.33472222222222225 0.2138671875 0.5111111111111112
1 0.3154296875 0.36388888888888893 0.146484375 0.5972222222222222
1 0.16015625 0.5027777777777778 0.181640625 0.8666666666666667
1 0.06787109375 0.4708333333333333 0.1337890625 0.9027777777777778
