1 0.9426229508196722 0.45925925925925926 0.11475409836065574 0.9111111111111111
1 0.8057377049180328 0.4203703703703704 0.13278688524590163 0.8333333333333334
1 0.660655737704918 0.25925925925925924 0.13114754098360656 0.5111111111111112
1 0.38278688524590165 0.20925925925925926 0.1360655737704918 0.41111111111111115
0 0.5344262295081967 0.42592592592592593 0.14754098360655737 0.4740740740740741
0 0.6475409836065574 0.6814814814814815 0.19672131147540983 0.4814814814814815
0 0.4418032786885246 0.6055555555555556 0.1885245901639344 0.625925925925926
0 0.32295081967213113 0.4314814814814815 0.11147540983606558 0.4185185185185185
0 0.4081967213114754 0.6870370370370371 0.22950819672131148 0.3962962962962963
2 0.4737704918032787 0.7981481481481482 0.21967213114754097 0.2555555555555556
