1 0.1190909090909091 0.3026634382566586 0.15454545454545454 0.6004842615012107
1 0.2927272727272727 0.0738498789346247 0.04 0.14285714285714288
1 0.4090909090909091 0.21912832929782083 0.15272727272727274 0.43341404358353514
1 0.55 0.15738498789346247 0.14 0.3099273607748184
1 0.6545454545454545 0.26392251815980633 0.11272727272727273 0.5230024213075061
1 0.7336363636363636 0.28571428571428575 0.1618181818181818 0.5569007263922519
1 0.8663636363636363 0.32929782082324455 0.19090909090909092 0.6004842615012107
1 0.9136363636363637 0.5 0.17272727272727273 0.9903147699757869
0 0.27090909090909093 0.6319612590799032 0.3418181818181818 0.41646489104116224
0 0.47909090909090907 0.5399515738498789 0.2309090909090909 0.40193704600484265
2 0.35545454545454547 0.8159806295399517 0.6963636363636364 0.36803874092009686
