2 0.45084745762711864 0.8031674208144797 0.29152542372881357 0.330316742081448
1 0.2389830508474576 0.5497737556561086 0.19322033898305085 0.8733031674208146
1 0.07288135593220339 0.36877828054298645 0.13898305084745763 0.5927601809954751
1 0.16271186440677965 0.2058823529411765 0.09491525423728814 0.40271493212669685
1 0.30677966101694915 0.20361990950226247 0.0983050847457627 0.35294117647058826
1 0.3932203389830508 0.5067873303167422 0.13559322033898305 0.6877828054298644
0 0.6338983050847458 0.7352941176470589 0.16271186440677965 0.4389140271493213
1 0.8491525423728813 0.495475113122172 0.17288135593220338 0.7828054298642535
1 0.7305084745762712 0.22171945701357468 0.09152542372881356 0.4343891402714932
1 0.6305084745762711 0.24208144796380093 0.08135593220338982 0.330316742081448
1 0.5677966101694915 0.20135746606334842 0.06440677966101695 0.26696832579185525
1 0.523728813559322 0.19683257918552038 0.0576271186440678 0.23076923076923078
3 0.42033898305084744 0.12443438914027151 0.12203389830508474 0.23076923076923078
3 0.5813559322033898 0.5429864253393666 0.16610169491525423 0.22624434389140274
