2 0.3631578947368421 0.6287519747235387 0.5178947368421053 0.3222748815165877
2 0.588421052631579 0.5315955766192733 0.4589473684210526 0.42180094786729855
0 0.2094736842105263 0.3783570300157978 0.1957894736842105 0.31437598736176936
3 0.08157894736842106 0.42101105845181674 0.16105263157894736 0.3459715639810427
0 0.41578947368421054 0.3578199052132701 0.11157894736842106 0.23222748815165875
0 0.32105263157894737 0.2985781990521327 0.1368421052631579 0.3127962085308057
0 0.5789473684210527 0.2685624012638231 0.16842105263157894 0.325434439178515
0 0.7026315789473684 0.21484992101105846 0.1463157894736842 0.30963665086887837
0 0.8221052631578947 0.23380726698262244 0.18526315789473685 0.344391785150079
0 0.94 0.17061611374407581 0.12 0.3380726698262243
0 0.4189473684210526 0.21248025276461296 0.14526315789473684 0.25434439178515006
3 0.33789473684210525 0.13270142180094788 0.12 0.21800947867298578
3 0.6305263157894737 0.10821484992101106 0.0968421052631579 0.2037914691943128
3 0.23473684210526316 0.0995260663507109 0.1094736842105263 0.19589257503949448
3 0.11263157894736842 0.12954186413902052 0.15157894736842104 0.2559241706161137
