2 0.4027027027027027 0.7354545454545455 0.4702702702702703 0.5254545454545455
0 0.24594594594594596 0.4890909090909091 0.4486486486486487 0.3563636363636364
0 0.6932432432432433 0.53 0.472972972972973 0.35454545454545455
0 0.5135135135135136 0.3836363636363636 0.31351351351351353 0.24
1 0.09054054054054055 0.1809090909090909 0.17567567567567569 0.35818181818181816
0 0.3324324324324325 0.12090909090909091 0.14594594594594595 0.19818181818181818
0 0.41081081081081083 0.1318181818181818 0.15135135135135136 0.23454545454545456
1 0.6486486486486487 0.2009090909090909 0.21081081081081082 0.3981818181818182
1 0.5621621621621622 0.08363636363636363 0.0972972972972973 0.16
3 0.3472972972972973 0.2690909090909091 0.21351351351351353 0.13454545454545455
