2 0.288135593220339 0.6334841628959277 0.27796610169491526 0.416289592760181
2 0.3593220338983051 0.5203619909502263 0.22372881355932203 0.38914027149321273
2 0.5067796610169492 0.5067873303167422 0.10508474576271186 0.40723981900452494
2 0.6610169491525424 0.5203619909502263 0.2711864406779661 0.3800904977375566
2 0.8389830508474576 0.5226244343891403 0.26101694915254237 0.37556561085972856
2 0.911864406779661 0.45022624434389147 0.17627118644067796 0.31221719457013575
2 0.6135593220338983 0.8506787330316743 0.3593220338983051 0.29864253393665163
2 0.811864406779661 0.834841628959276 0.2745762711864407 0.330316742081448
2 0.14745762711864407 0.38687782805429866 0.11186440677966102 0.21266968325791857
1 0.08813559322033898 0.3552036199095023 0.1694915254237288 0.6923076923076924
1 0.211864406779661 0.2149321266968326 0.10508474576271186 0.4208144796380091
1 0.2983050847457627 0.2081447963800905 0.10847457627118644 0.40723981900452494
1 0.4661016949152542 0.18552036199095023 0.10508474576271186 0.3619909502262444
1 0.5847457627118644 0.20135746606334842 0.13898305084745763 0.39366515837104077
1 0.6745762711864407 0.2058823529411765 0.10169491525423728 0.40271493212669685
3 0.8508474576271187 0.15158371040723984 0.1423728813559322 0.29411764705882354
