1 0.09356136820925554 0.4356060606060606 0.18309859154929578 0.8674242424242424
1 0.19818913480885314 0.3456439393939394 0.19114688128772636 0.6875
1 0.36519114688128773 0.21496212121212122 0.14688128772635817 0.42613636363636365
1 0.557344064386318 0.16477272727272727 0.21327967806841047 0.32575757575757575
3 0.6569416498993964 0.11079545454545454 0.09054325955734407 0.2178030303030303
3 0.7484909456740443 0.07291666666666667 0.08853118712273643 0.14204545454545456
3 0.8843058350100604 0.08238636363636363 0.2313883299798793 0.16098484848484848
3 0.8531187122736419 0.3712121212121212 0.29376257545271633 0.5681818181818182
0 0.5774647887323944 0.38636363636363635 0.2575452716297787 0.3522727272727273
0 0.7253521126760564 0.5634469696969697 0.323943661971831 0.4753787878787879
2 0.41549295774647893 0.6382575757575758 0.35211267605633806 0.4431818181818182
