0 0.15450643776824036 0.573943661971831 0.30472103004291845 0.6619718309859155
2 0.6094420600858369 0.6320422535211268 0.2703862660944206 0.2992957746478873
0 0.42167381974248924 0.5325704225352113 0.23390557939914164 0.3961267605633803
0 0.5890557939914163 0.4102112676056338 0.1351931330472103 0.16901408450704225
0 0.7585836909871244 0.45510563380281693 0.28969957081545067 0.41725352112676056
1 0.9238197424892703 0.3970070422535211 0.15236051502145923 0.5933098591549296
3 0.14163090128755365 0.20334507042253522 0.18454935622317598 0.19542253521126762
0 0.34334763948497854 0.33010563380281693 0.17167381974248927 0.25880281690140844
3 0.2446351931330472 0.18045774647887325 0.11158798283261803 0.14612676056338028
3 0.36373390557939916 0.17781690140845072 0.1609442060085837 0.13380281690140847
3 0.6963519313304721 0.198943661971831 0.10085836909871244 0.11619718309859155
