1 0.09533333333333333 0.526 0.108 0.432
2 0.35333333333333333 0.603 0.176 0.21
1 0.041999999999999996 0.483 0.07333333333333333 0.394
1 0.192 0.466 0.07466666666666666 0.372
1 0.282 0.502 0.11866666666666666 0.5
1 0.4053333333333333 0.49 0.088 0.36
1 0.478 0.485 0.08133333333333333 0.386
1 0.57 0.536 0.10266666666666667 0.404
1 0.6593333333333333 0.497 0.12133333333333333 0.39
1 0.768 0.519 0.10666666666666666 0.434
1 0.8293333333333333 0.508 0.088 0.42
1 0.9253333333333333 0.516 0.10133333333333333 0.404
1 0.8693333333333333 0.47700000000000004 0.050666666666666665 0.322
