2 0.786 0.8603896103896104 0.336 0.20995670995670995
2 0.458 0.6590909090909091 0.14 0.07575757575757576
1 0.842 0.6255411255411255 0.224 0.3593073593073593
1 0.9440000000000001 0.577922077922078 0.108 0.3333333333333333
1 0.619 0.6406926406926406 0.154 0.47619047619047616
1 0.395 0.5800865800865801 0.094 0.3593073593073593
1 0.327 0.48917748917748916 0.07 0.19047619047619047
1 0.27 0.4989177489177489 0.07200000000000001 0.20995670995670995
1 0.186 0.5616883116883117 0.132 0.4393939393939394
1 0.11800000000000001 0.45346320346320346 0.07200000000000001 0.17965367965367965
1 0.23700000000000002 0.45346320346320346 0.038 0.07142857142857142
0 0.552 0.5984848484848485 0.07200000000000001 0.15800865800865802
