1 0.052000000000000005 0.5 0.1 0.6987951807228916
2 0.6890000000000001 0.5451807228915663 0.498 0.5602409638554218
2 0.427 0.8418674698795181 0.706 0.31626506024096385
1 0.182 0.4819277108433735 0.188 0.6144578313253012
0 0.182 0.7228915662650602 0.092 0.18072289156626506
0 0.251 0.5105421686746988 0.178 0.5813253012048193
1 0.376 0.4789156626506024 0.148 0.6445783132530121
1 0.47100000000000003 0.3810240963855422 0.158 0.6957831325301205
1 0.658 0.3433734939759036 0.156 0.5843373493975904
1 0.773 0.31475903614457834 0.14200000000000002 0.569277108433735
1 0.88 0.3237951807228916 0.16 0.641566265060241
1 0.56 0.3990963855421687 0.12 0.5512048192771085
