2 0.22021660649819497 0.6271676300578034 0.3249097472924188 0.20231213872832368
0 0.5667870036101084 0.630057803468208 0.20938628158844766 0.39306358381502887
0 0.7310469314079423 0.6618497109826589 0.22021660649819497 0.4219653179190751
1 0.8826714801444043 0.4595375722543352 0.1552346570397112 0.6069364161849711
1 0.7815884476534296 0.37283236994219654 0.11913357400722022 0.37572254335260113
0 0.7509025270758123 0.36705202312138724 0.05776173285198556 0.2254335260115607
0 0.6877256317689531 0.35549132947976875 0.06137184115523466 0.2254335260115607
0 0.6173285198555957 0.37572254335260113 0.07220216606498195 0.21965317919075145
0 0.3104693140794224 0.4710982658959537 0.1444043321299639 0.24855491329479767
1 0.4187725631768953 0.35260115606936415 0.08664259927797835 0.2774566473988439
1 0.0631768953068592 0.3959537572254335 0.09025270758122744 0.35260115606936415
