2 0.5786924939467313 0.8472727272727273 0.4213075060532688 0.26181818181818184
3 0.7723970944309928 0.8063636363636364 0.45520581113801456 0.38727272727272727
1 0.8983050847457628 0.3181818181818182 0.19854721549636806 0.6327272727272727
1 0.7130750605326877 0.3236363636363636 0.18159806295399517 0.6436363636363637
1 0.5544794188861986 0.28454545454545455 0.2179176755447942 0.5654545454545454
3 0.301452784503632 0.15181818181818182 0.2397094430992736 0.27454545454545454
3 0.36319612590799033 0.3327272727272727 0.15980629539951574 0.15272727272727274
0 0.3934624697336562 0.6218181818181818 0.28329297820823246 0.36363636363636365
3 0.23486682808716708 0.6690909090909091 0.4648910411622276 0.6618181818181819
3 0.09564164648910412 0.24818181818181817 0.1864406779661017 0.49272727272727274
