3 0.1048780487804878 0.5931372549019608 0.2048780487804878 0.8137254901960784
3 0.10975609756097561 0.11437908496732027 0.2146341463414634 0.22222222222222224
1 0.29024390243902437 0.3137254901960784 0.17073170731707318 0.6209150326797386
1 0.4304878048780488 0.33333333333333337 0.17804878048780487 0.6601307189542484
1 0.5682926829268292 0.2630718954248366 0.12682926829268293 0.5196078431372549
1 0.6902439024390243 0.31209150326797386 0.2 0.6176470588235294
1 0.8048780487804879 0.3382352941176471 0.2048780487804878 0.6699346405228759
1 0.8914634146341464 0.4542483660130719 0.21707317073170732 0.869281045751634
0 0.6414634146341464 0.7614379084967321 0.32682926829268294 0.477124183006536
2 0.36341463414634145 0.8218954248366014 0.33170731707317075 0.3366013071895425
