1 0.07679738562091504 0.31690140845070425 0.049019607843137254 0.24882629107981222
1 0.11601307189542484 0.31220657276995306 0.049019607843137254 0.24882629107981222
1 0.19934640522875818 0.3474178403755869 0.0392156862745098 0.1596244131455399
1 0.29248366013071897 0.32629107981220656 0.042483660130718956 0.1643192488262911
2 0.8415032679738562 0.39906103286384975 0.22549019607843138 0.18779342723004694
2 0.8921568627450981 0.6525821596244131 0.21568627450980393 0.28169014084507044
2 0.7320261437908497 0.38967136150234744 0.0784313725490196 0.1971830985915493
2 0.565359477124183 0.5187793427230047 0.3006535947712418 0.2112676056338028
2 0.5098039215686274 0.4694835680751174 0.11111111111111112 0.12206572769953052
2 0.47058823529411764 0.3943661971830986 0.12418300653594772 0.11267605633802817
2 0.3415032679738562 0.4647887323943662 0.15359477124183007 0.13145539906103287
2 0.14215686274509803 0.5140845070422535 0.2777777777777778 0.18309859154929578
