2 0.4737991266375546 0.602112676056338 0.2838427947598253 0.28169014084507044
0 0.6135371179039301 0.5528169014084507 0.4497816593886463 0.3591549295774648
1 0.4017467248908297 0.22359154929577466 0.1222707423580786 0.397887323943662
1 0.25109170305676853 0.20774647887323944 0.12663755458515283 0.35211267605633806
1 0.13755458515283842 0.2658450704225352 0.17030567685589518 0.3767605633802817
1 0.07205240174672489 0.29401408450704225 0.1353711790393013 0.36971830985915494
1 0.4912663755458515 0.198943661971831 0.08296943231441048 0.3204225352112676
1 0.6179039301310043 0.22007042253521128 0.17903930131004367 0.3274647887323944
1 0.7641921397379913 0.2482394366197183 0.15720524017467247 0.426056338028169
1 0.8580786026200873 0.35035211267605637 0.15283842794759825 0.5105633802816901
3 0.9126637554585152 0.5299295774647887 0.17467248908296942 0.6584507042253521
