2 0.4067796610169491 0.8846153846153847 0.3254237288135593 0.23076923076923078
1 0.7440677966101694 0.5113122171945702 0.19999999999999998 0.9773755656108598
1 0.6152542372881356 0.40723981900452494 0.13220338983050847 0.6787330316742082
0 0.3220338983050847 0.7352941176470589 0.21694915254237288 0.40271493212669685
1 0.4271186440677966 0.416289592760181 0.1559322033898305 0.5248868778280543
1 0.23389830508474577 0.3574660633484163 0.09491525423728814 0.4343891402714932
1 0.9338983050847457 0.38914027149321273 0.0983050847457627 0.5610859728506787
1 0.14067796610169492 0.4683257918552037 0.11864406779661017 0.5927601809954751
1 0.0711864406779661 0.4909502262443439 0.1288135593220339 0.5294117647058824
1 0.8677966101694915 0.36651583710407243 0.06779661016949153 0.4705882352941177
