0 0.333 0.3126843657817109 0.10200000000000001 0.23008849557522124
1 0.528 0.2935103244837758 0.036000000000000004 0.20943952802359883
1 0.586 0.30383480825958703 0.048 0.24778761061946902
1 0.62 0.31563421828908556 0.056 0.27728613569321536
0 0.677 0.37315634218289084 0.078 0.1799410029498525
0 0.718 0.4070796460176991 0.08 0.1415929203539823
0 0.776 0.3407079646017699 0.056 0.21533923303834807
1 0.801 0.38348082595870203 0.05 0.16519174041297935
1 0.8280000000000001 0.3230088495575221 0.044 0.22123893805309736
3 0.733 0.2743362831858407 0.046 0.11799410029498525
