2 0.17500000000000002 0.7397820163487738 0.27 0.220708446866485
2 0.6966666666666667 0.773841961852861 0.23 0.1416893732970027
1 0.8775000000000001 0.544959128065395 0.2316666666666667 0.6485013623978202
1 0.6966666666666667 0.544959128065395 0.11 0.7084468664850136
1 0.6258333333333334 0.5381471389645777 0.09833333333333334 0.667574931880109
1 0.5383333333333333 0.5544959128065395 0.1366666666666667 0.6893732970027248
1 0.31833333333333336 0.5422343324250681 0.15000000000000002 0.5885558583106267
1 0.3725 0.5381471389645777 0.08833333333333333 0.5858310626702997
1 0.18666666666666668 0.5245231607629428 0.11666666666666667 0.6021798365122616
1 0.09083333333333334 0.5149863760217983 0.09166666666666667 0.659400544959128
