1 0.24044585987261147 0.5942028985507246 0.13694267515923567 0.5314009661835749
2 0.6831210191082803 0.7101449275362318 0.3471337579617835 0.11594202898550723
1 0.43630573248407645 0.608695652173913 0.2229299363057325 0.7826086956521738
1 0.5636942675159236 0.5772946859903382 0.10828025477707007 0.6618357487922705
0 0.7627388535031847 0.6304347826086957 0.1305732484076433 0.35265700483091783
0 0.6385350318471338 0.6642512077294686 0.07961783439490447 0.26570048309178745
1 0.8582802547770702 0.5193236714975845 0.06050955414012739 0.40096618357487923
1 0.9681528662420382 0.48067632850241543 0.06369426751592357 0.3333333333333333
1 0.9267515923566879 0.4613526570048309 0.050955414012738856 0.28502415458937197
3 0.7563694267515924 0.41304347826086957 0.06050955414012739 0.15942028985507245
3 0.714968152866242 0.41787439613526567 0.06050955414012739 0.15942028985507245
3 0.6273885350318472 0.4516908212560386 0.06369426751592357 0.178743961352657
1 0.8089171974522293 0.43719806763285024 0.0445859872611465 0.18840579710144928
