2 0.39375 0.8316666666666667 0.5675 0.32333333333333336
0 0.43375 0.5850000000000001 0.28250000000000003 0.4633333333333334
1 0.61875 0.42833333333333334 0.1325 0.5566666666666668
3 0.77875 0.325 0.1525 0.3166666666666667
3 0.9187500000000001 0.3016666666666667 0.1225 0.2366666666666667
3 0.52 0.305 0.1 0.29000000000000004
3 0.42625 0.275 0.1375 0.2366666666666667
1 0.305 0.42833333333333334 0.115 0.47000000000000003
1 0.18375 0.40166666666666667 0.14250000000000002 0.6766666666666667
1 0.08 0.38333333333333336 0.125 0.52
