2 0.6173469387755102 0.7612612612612613 0.31632653061224486 0.3333333333333333
1 0.15816326530612243 0.6216216216216216 0.17346938775510204 0.7567567567567568
1 0.32312925170068024 0.6283783783783784 0.21088435374149658 0.7072072072072072
0 0.4625850340136054 0.6554054054054054 0.24489795918367346 0.6891891891891891
0 0.6666666666666666 0.5337837837837838 0.13605442176870747 0.42792792792792794
1 0.8248299319727891 0.5608108108108109 0.11904761904761904 0.545045045045045
1 0.95578231292517 0.42792792792792794 0.07482993197278912 0.24324324324324323
3 0.5680272108843537 0.38963963963963966 0.1292517006802721 0.2747747747747748
1 0.39965986394557823 0.4346846846846847 0.057823129251700675 0.2747747747747748
3 0.8979591836734694 0.16891891891891891 0.061224489795918366 0.13963963963963963
