2 0.322 0.6026666666666667 0.504 0.224
2 0.632 0.852 0.736 0.296
2 0.863 0.3426666666666667 0.274 0.10933333333333332
2 0.215 0.9373333333333334 0.426 0.12533333333333332
0 0.136 0.5213333333333333 0.17200000000000001 0.27466666666666667
0 0.334 0.624 0.2 0.3253333333333333
0 0.6980000000000001 0.748 0.336 0.48266666666666663
0 0.439 0.45599999999999996 0.21 0.592
1 0.641 0.39066666666666666 0.162 0.6213333333333333
1 0.8130000000000001 0.42266666666666663 0.13 0.712
1 0.528 0.18 0.064 0.2906666666666667
1 0.488 0.156 0.052000000000000005 0.20533333333333334
3 0.716 0.10266666666666667 0.08 0.17866666666666667
3 0.598 0.12 0.056 0.13866666666666666
