2 0.8336734693877552 0.6495398773006135 0.17346938775510207 0.2684049079754601
0 0.7494897959183674 0.5636503067484663 0.1969387755102041 0.5322085889570553
2 0.13877551020408163 0.7154907975460123 0.16938775510204082 0.24386503067484663
1 0.5408163265306123 0.5475460122699387 0.12040816326530614 0.5214723926380368
1 0.43928571428571433 0.5283742331288344 0.10306122448979593 0.5260736196319018
1 0.3403061224489796 0.5567484662576687 0.09081632653061225 0.5245398773006135
1 0.21581632653061225 0.5437116564417178 0.17244897959183675 0.48619631901840493
1 0.07755102040816328 0.526840490797546 0.14081632653061227 0.5628834355828221
1 0.13571428571428573 0.5053680981595092 0.1 0.5291411042944786
1 0.276530612244898 0.5069018404907976 0.09387755102040818 0.5598159509202454
