2 0.6074074074074074 0.6731843575418994 0.362962962962963 0.3016759776536313
1 0.03333333333333333 0.18994413407821228 0.05185185185185186 0.12849162011173185
1 0.10185185185185186 0.2527932960893855 0.07777777777777778 0.31005586592178774
1 0.1814814814814815 0.2988826815642458 0.12592592592592594 0.36312849162011174
1 0.32407407407407407 0.3170391061452514 0.16666666666666669 0.48324022346368717
1 0.44074074074074077 0.24860335195530728 0.0962962962962963 0.2681564245810056
1 0.5370370370370371 0.29329608938547486 0.14814814814814814 0.45251396648044695
1 0.6685185185185185 0.31145251396648044 0.18888888888888888 0.4441340782122905
1 0.8462962962962963 0.3324022346368715 0.15185185185185185 0.5139664804469274
1 0.9 0.42178770949720673 0.1851851851851852 0.5418994413407822
