2 0.47400000000000003 0.7826747720364742 0.388 0.20364741641337386
1 0.199 0.4012158054711246 0.14200000000000002 0.6565349544072948
1 0.053 0.3191489361702128 0.10200000000000001 0.5227963525835866
1 0.114 0.2978723404255319 0.076 0.5106382978723404
1 0.303 0.3373860182370821 0.082 0.4072948328267477
1 0.40800000000000003 0.2978723404255319 0.10400000000000001 0.48632218844984804
1 0.535 0.3556231003039514 0.082 0.3829787234042553
1 0.608 0.3252279635258359 0.092 0.4194528875379939
1 0.646 0.30851063829787234 0.068 0.41641337386018235
1 0.711 0.3009118541033435 0.078 0.4376899696048632
1 0.795 0.33890577507598785 0.07 0.3860182370820669
1 0.906 0.31155015197568386 0.084 0.42857142857142855
1 0.855 0.31762917933130697 0.054 0.41641337386018235
1 0.759 0.303951367781155 0.05 0.4012158054711246
1 0.466 0.31458966565349544 0.052000000000000005 0.44680851063829785
3 0.521 0.13221884498480244 0.078 0.13677811550151975
3 0.265 0.135258358662614 0.078 0.12462006079027356
3 0.325 0.15501519756838905 0.074 0.1641337386018237
