2 0.47333333333333333 0.7708978328173375 0.5377777777777778 0.39628482972136225
1 0.6588888888888889 0.4256965944272446 0.16666666666666666 0.7213622291021672
1 0.73 0.39318885448916413 0.10888888888888888 0.6873065015479877
1 0.7866666666666666 0.2848297213622291 0.07111111111111111 0.3405572755417957
1 0.5744444444444444 0.3668730650154799 0.08222222222222222 0.48606811145510836
1 0.5088888888888888 0.3173374613003096 0.09333333333333334 0.4613003095975233
1 0.4033333333333333 0.3281733746130031 0.10888888888888888 0.4272445820433437
1 0.3288888888888889 0.25541795665634676 0.06666666666666667 0.2693498452012384
1 0.17666666666666667 0.19504643962848298 0.09111111111111111 0.3839009287925697
1 0.08777777777777777 0.16408668730650156 0.10444444444444445 0.3219814241486068
