3 0.905625 0.4718574108818011 0.13375 0.24577861163227016
0 0.6625 0.3696060037523452 0.1375 0.2589118198874296
0 0.5875 0.3151969981238274 0.095 0.2626641651031895
3 0.291875 0.18667917448405252 0.06375 0.18198874296435272
3 0.49562500000000004 0.32176360225140715 0.12375 0.5422138836772983
1 0.375 0.27861163227016883 0.13 0.5234521575984991
0 0.24125 0.1651031894934334 0.0975 0.1651031894934334
3 0.11125 0.2879924953095685 0.14250000000000002 0.3621013133208255
3 0.213125 0.5037523452157598 0.21375 0.5196998123827392
3 0.314375 0.8893058161350844 0.20125 0.22138836772983114
3 0.12375 0.8724202626641651 0.2025 0.2551594746716698
3 0.0525 0.8273921200750469 0.10250000000000001 0.32645403377110693
0 0.75375 0.5675422138836773 0.27 0.47842401500938087
2 0.5425 0.773921200750469 0.4325 0.3696060037523452
