2 0.615 0.7520661157024794 0.386 0.23140495867768596
1 0.72 0.3953168044077135 0.164 0.4986225895316805
1 0.558 0.33608815426997246 0.096 0.3746556473829201
1 0.47300000000000003 0.32920110192837465 0.10200000000000001 0.33333333333333337
1 0.422 0.30991735537190085 0.08 0.3168044077134986
1 0.383 0.30578512396694213 0.07 0.2809917355371901
1 0.291 0.27548209366391185 0.054 0.1652892561983471
1 0.229 0.34297520661157027 0.094 0.3608815426997245
1 0.074 0.33746556473829203 0.07200000000000001 0.3278236914600551
3 0.681 0.28236914600550966 0.074 0.25619834710743805
3 0.16 0.2534435261707989 0.064 0.18181818181818182
