2 0.6151685393258427 0.4926315789473684 0.47191011235955055 0.15157894736842104
1 0.4747191011235955 0.3410526315789474 0.19101123595505617 0.46736842105263154
1 0.8960674157303371 0.4694736842105263 0.20786516853932585 0.7747368421052632
1 0.824438202247191 0.31052631578947365 0.1095505617977528 0.22526315789473683
1 0.7176966292134831 0.29368421052631577 0.12640449438202248 0.27999999999999997
1 0.6264044943820225 0.3063157894736842 0.0898876404494382 0.28421052631578947
1 0.5547752808988764 0.3252631578947368 0.07584269662921347 0.23789473684210527
3 0.3693820224719101 0.22421052631578947 0.10393258426966293 0.12421052631578947
3 0.23876404494382023 0.19999999999999998 0.11797752808988764 0.11789473684210526
3 0.31741573033707865 0.20210526315789473 0.0898876404494382 0.1094736842105263
