2 0.39858012170385393 0.7095158597662772 0.5172413793103449 0.48414023372287146
0 0.32150101419878296 0.44574290484140233 0.3184584178498986 0.38731218697829717
0 0.7728194726166329 0.7170283806343907 0.4543610547667343 0.5659432387312188
0 0.7302231237322515 0.5116861435726211 0.539553752535497 0.3756260434056761
0 0.5324543610547667 0.25459098497495825 0.20081135902636915 0.2253756260434057
0 0.7890466531440162 0.27128547579298834 0.1460446247464503 0.22203672787979967
0 0.17545638945233266 0.19532554257095158 0.18052738336713997 0.14691151919866444
0 0.5892494929006085 0.19198664440734559 0.11156186612576065 0.18030050083472454
0 0.7565922920892495 0.21702838063439064 0.1460446247464503 0.21035058430717865
1 0.72920892494929 0.14607679465776294 0.1075050709939148 0.2587646076794658
3 0.8752535496957403 0.14440734557595994 0.1075050709939148 0.1318864774624374
