2 0.5730000000000001 0.66 0.234 0.3046153846153846
2 0.84 0.7723076923076924 0.28800000000000003 0.3446153846153846
1 0.732 0.43846153846153846 0.14400000000000002 0.5815384615384616
1 0.744 0.19846153846153847 0.136 0.39076923076923076
1 0.905 0.20923076923076922 0.114 0.4123076923076923
1 0.067 0.6184615384615385 0.13 0.683076923076923
1 0.077 0.20615384615384616 0.15 0.40615384615384614
1 0.468 0.4676923076923077 0.108 0.49230769230769234
1 0.358 0.6492307692307693 0.18 0.6953846153846154
3 0.423 0.23076923076923078 0.098 0.14153846153846153
3 0.41100000000000003 0.16307692307692306 0.17400000000000002 0.3076923076923077
