2 0.3458333333333333 0.8631578947368421 0.3541666666666667 0.16140350877192983
1 0.08854166666666667 0.6052631578947368 0.11041666666666666 0.4385964912280702
0 0.40520833333333334 0.6859649122807018 0.16875 0.3263157894736842
1 0.31875 0.5666666666666667 0.09583333333333333 0.5228070175438596
1 0.4479166666666667 0.5543859649122808 0.075 0.5333333333333333
1 0.49374999999999997 0.5754385964912281 0.08333333333333333 0.5543859649122808
1 0.5479166666666666 0.6368421052631579 0.0875 0.5789473684210527
1 0.6375 0.631578947368421 0.10833333333333334 0.6105263157894737
1 0.725 0.6192982456140351 0.1125 0.6631578947368422
1 0.7958333333333333 0.6017543859649123 0.07916666666666666 0.5719298245614035
1 0.88125 0.6070175438596491 0.14166666666666666 0.5684210526315789
