2 0.604 0.7959999999999999 0.38 0.408
0 0.114 0.7293333333333333 0.22 0.52
1 0.229 0.42933333333333334 0.20600000000000002 0.7999999999999999
0 0.596 0.6306666666666666 0.156 0.22133333333333333
0 0.633 0.5186666666666666 0.138 0.22666666666666666
1 0.8150000000000001 0.30133333333333334 0.182 0.592
1 0.9560000000000001 0.27199999999999996 0.088 0.46399999999999997
1 0.675 0.24133333333333332 0.098 0.4026666666666667
1 0.5730000000000001 0.208 0.11 0.4106666666666667
1 0.47800000000000004 0.144 0.10400000000000001 0.2826666666666667
1 0.379 0.12266666666666666 0.11 0.24
1 0.064 0.25466666666666665 0.124 0.504
