1 0.169 0.23174157303370785 0.138 0.45786516853932585
1 0.363 0.23876404494382023 0.10200000000000001 0.47191011235955055
1 0.442 0.1952247191011236 0.048 0.22752808988764045
1 0.508 0.21207865168539325 0.06 0.26685393258426965
1 0.557 0.20084269662921347 0.042 0.2050561797752809
1 0.61 0.23876404494382023 0.064 0.2808988764044944
1 0.662 0.2598314606741573 0.088 0.5028089887640449
1 0.708 0.22893258426966293 0.052000000000000005 0.2837078651685393
1 0.804 0.2401685393258427 0.112 0.4747191011235955
2 0.47900000000000004 0.6741573033707865 0.546 0.33707865168539325
