2 0.604 0.8106666666666666 0.356 0.21333333333333332
0 0.532 0.5733333333333334 0.176 0.29333333333333333
1 0.592 0.43066666666666664 0.128 0.4666666666666667
1 0.74 0.4573333333333333 0.088 0.3813333333333333
1 0.7030000000000001 0.40399999999999997 0.078 0.41866666666666663
0 0.47800000000000004 0.3373333333333333 0.08 0.19999999999999998
0 0.43 0.36666666666666664 0.084 0.2853333333333333
1 0.358 0.42133333333333334 0.088 0.512
1 0.295 0.4613333333333333 0.122 0.6613333333333333
1 0.186 0.5066666666666666 0.092 0.6719999999999999
1 0.094 0.5533333333333333 0.176 0.8933333333333333
