1 0.020408163265306124 0.4385245901639344 0.036734693877551024 0.2978142076502732
1 0.08673469387755103 0.505464480874317 0.0836734693877551 0.3114754098360656
1 0.1326530612244898 0.73224043715847 0.07755102040816328 0.3224043715846995
1 0.19387755102040818 0.5778688524590164 0.08571428571428572 0.30327868852459017
1 0.2142857142857143 0.6461748633879781 0.06938775510204082 0.3251366120218579
1 0.2836734693877551 0.7021857923497268 0.0816326530612245 0.3879781420765027
1 0.35510204081632657 0.5150273224043715 0.07346938775510205 0.28688524590163933
1 0.41938775510204085 0.6420765027322405 0.0673469387755102 0.33879781420765026
1 0.516326530612245 0.8647540983606558 0.09387755102040818 0.27049180327868855
1 0.5224489795918368 0.6092896174863388 0.08979591836734695 0.26229508196721313
1 0.55 0.5341530054644809 0.0673469387755102 0.3087431693989071
1 0.6326530612244898 0.7090163934426229 0.08571428571428572 0.3251366120218579
1 0.7591836734693879 0.6407103825136612 0.08979591836734695 0.30327868852459017
1 0.9306122448979592 0.680327868852459 0.09387755102040818 0.3114754098360656
1 0.9704081632653062 0.6065573770491803 0.05918367346938776 0.3114754098360656
1 0.8714285714285716 0.5519125683060109 0.0653061224489796 0.3005464480874317
1 0.826530612244898 0.4781420765027322 0.05306122448979592 0.29508196721311475
2 0.676530612244898 0.49043715846994534 0.1816326530612245 0.1721311475409836
2 0.41734693877551027 0.4959016393442623 0.09183673469387756 0.13387978142076504
