3 0.073 0.496996996996997 0.14200000000000002 0.9879879879879879
1 0.912 0.38738738738738737 0.128 0.7687687687687688
1 0.786 0.3768768768768769 0.164 0.7477477477477478
1 0.7000000000000001 0.3333333333333333 0.096 0.5165165165165165
0 0.592 0.32732732732732733 0.136 0.48648648648648646
1 0.464 0.2957957957957958 0.17200000000000001 0.48348348348348347
0 0.324 0.26876876876876876 0.152 0.3213213213213213
2 0.17200000000000001 0.524024024024024 0.16 0.3333333333333333
2 0.219 0.5630630630630631 0.27 0.36336336336336333
2 0.616 0.7192192192192192 0.328 0.4894894894894895
2 0.269 0.6666666666666666 0.358 0.48648648648648646
