2 0.41228070175438597 0.745 0.30526315789473685 0.24333333333333335
1 0.27017543859649124 0.3116666666666667 0.11228070175438597 0.6166666666666667
1 0.38859649122807016 0.32666666666666666 0.12105263157894737 0.6466666666666667
1 0.5587719298245614 0.23833333333333334 0.08947368421052632 0.47000000000000003
1 0.6692982456140351 0.36500000000000005 0.1456140350877193 0.6433333333333334
1 0.7052631578947368 0.26166666666666666 0.09824561403508772 0.51
1 0.8052631578947369 0.2566666666666667 0.10526315789473685 0.5066666666666667
1 0.8789473684210527 0.6966666666666667 0.11578947368421053 0.6000000000000001
3 0.7254385964912281 0.8383333333333334 0.11052631578947368 0.32333333333333336
3 0.7929824561403509 0.7866666666666667 0.11578947368421053 0.4266666666666667
3 0.706140350877193 0.6416666666666667 0.0824561403508772 0.3433333333333334
3 0.6140350877192983 0.7983333333333333 0.1368421052631579 0.4033333333333334
3 0.4166666666666667 0.8683333333333334 0.14210526315789473 0.26333333333333336
