2 0.6758064516129032 0.45971563981042657 0.15806451612903225 0.09478672985781991
1 0.16129032258064516 0.6350710900473934 0.1032258064516129 0.40758293838862564
1 0.3935483870967742 0.7582938388625593 0.12258064516129032 0.46445497630331756
1 0.3548387096774194 0.6350710900473934 0.11612903225806452 0.37914691943127965
1 0.4870967741935484 0.6090047393364929 0.0967741935483871 0.3459715639810427
1 0.8193548387096774 0.48578199052132703 0.12258064516129032 0.4123222748815166
1 0.4967741935483871 0.3341232227488152 0.08387096774193549 0.26066350710900477
1 0.31129032258064515 0.29857819905213273 0.07419354838709677 0.2559241706161138
1 0.24838709677419354 0.38625592417061616 0.08387096774193549 0.28909952606635075
1 0.19032258064516128 0.4383886255924171 0.07096774193548387 0.28909952606635075
1 0.06129032258064516 0.4336492890995261 0.1032258064516129 0.3270142180094787
3 0.1338709677419355 0.3981042654028436 0.1064516129032258 0.18957345971563982
1 0.47096774193548385 0.1279620853080569 0.05161290322580645 0.1990521327014218
1 0.5032258064516129 0.1279620853080569 0.03225806451612903 0.1990521327014218
1 0.5709677419354838 0.1090047393364929 0.04516129032258064 0.18957345971563982
1 0.532258064516129 0.08767772511848342 0.03225806451612903 0.15639810426540285
0 0.30483870967741933 0.08056872037914692 0.06129032258064516 0.15165876777251186
