2 0.3871308016877637 0.7030534351145038 0.46202531645569617 0.5908396946564886
1 0.5638185654008439 0.5236641221374045 0.20569620253164556 0.8763358778625954
0 0.740506329113924 0.5862595419847328 0.25949367088607594 0.7450381679389313
3 0.8032700421940928 0.5427480916030535 0.11075949367088607 0.13587786259541984
3 0.4345991561181434 0.44122137404580153 0.1181434599156118 0.16793893129770993
0 0.23892405063291136 0.7381679389312977 0.16139240506329114 0.3435114503816794
3 0.1751054852320675 0.4725190839694656 0.12236286919831223 0.16946564885496182
3 0.1070675105485232 0.5564885496183206 0.12552742616033755 0.1450381679389313
3 0.04272151898734177 0.4778625954198473 0.08333333333333333 0.15267175572519084
3 0.10548523206751054 0.3847328244274809 0.11603375527426159 0.17404580152671756
0 0.945675105485232 0.7267175572519083 0.10864978902953586 0.3603053435114504
