2 0.44 0.6972972972972973 0.404 0.2972972972972973
0 0.678 0.48243243243243245 0.136 0.25135135135135134
1 0.887 0.23243243243243245 0.042 0.2702702702702703
1 0.578 0.3472972972972973 0.096 0.4405405405405406
1 0.497 0.3648648648648649 0.05 0.1783783783783784
1 0.515 0.2756756756756757 0.046 0.12432432432432433
1 0.46 0.3310810810810811 0.064 0.28918918918918923
1 0.41600000000000004 0.30405405405405406 0.06 0.1810810810810811
1 0.366 0.3567567567567568 0.10400000000000001 0.33513513513513515
1 0.28300000000000003 0.3635135135135135 0.074 0.21891891891891893
1 0.203 0.3945945945945946 0.094 0.2864864864864865
0 0.519 0.4905405405405406 0.186 0.28918918918918923
