2 0.6066666666666667 0.6440677966101694 0.76 0.5084745762711864
0 0.29833333333333334 0.4872881355932203 0.33 0.559322033898305
1 0.8883333333333334 0.23516949152542374 0.06333333333333334 0.3432203389830508
1 0.8533333333333334 0.23516949152542374 0.07333333333333333 0.3347457627118644
1 0.7583333333333334 0.2076271186440678 0.06333333333333334 0.2796610169491525
1 0.6833333333333333 0.2478813559322034 0.11333333333333334 0.4279661016949153
1 0.66 0.1652542372881356 0.07333333333333333 0.2033898305084746
1 0.52 0.2097457627118644 0.1 0.3771186440677966
1 0.44 0.211864406779661 0.06666666666666667 0.2457627118644068
1 0.34 0.17372881355932204 0.08666666666666667 0.2966101694915254
1 0.2566666666666667 0.1864406779661017 0.07333333333333333 0.2457627118644068
1 0.195 0.1906779661016949 0.06333333333333334 0.2627118644067797
1 0.05666666666666667 0.1694915254237288 0.09333333333333334 0.3135593220338983
