2 0.5639730639730639 0.7899543378995433 0.45454545454545453 0.4200913242009132
1 0.2441077441077441 0.3995433789954338 0.1919191919191919 0.7808219178082192
0 0.44276094276094274 0.1917808219178082 0.10437710437710437 0.228310502283105
0 0.49158249158249157 0.4748858447488584 0.18181818181818182 0.2831050228310502
0 0.6734006734006733 0.5319634703196346 0.19528619528619529 0.3972602739726027
0 0.6936026936026936 0.2420091324200913 0.12794612794612795 0.3835616438356164
3 0.6127946127946128 0.1461187214611872 0.08754208754208753 0.1735159817351598
1 0.5252525252525252 0.12100456621004566 0.06734006734006734 0.2054794520547945
3 0.4764309764309764 0.0958904109589041 0.050505050505050504 0.1095890410958904
1 0.877104377104377 0.13013698630136986 0.057239057239057235 0.1872146118721461
1 0.9612794612794613 0.20776255707762556 0.07744107744107744 0.4063926940639269
0 0.04713804713804714 0.3812785388127854 0.08754208754208753 0.5159817351598173
