2 0.32063492063492066 0.8046875 0.5238095238095238 0.35491071428571425
0 0.6373015873015873 0.6930803571428571 0.2111111111111111 0.34151785714285715
0 0.3388888888888889 0.5848214285714285 0.21746031746031746 0.34375
1 0.2698412698412698 0.3950892857142857 0.12063492063492064 0.5714285714285714
1 0.3968253968253968 0.3917410714285714 0.11746031746031746 0.43973214285714285
1 0.530952380952381 0.44754464285714285 0.11904761904761904 0.546875
1 0.734920634920635 0.43303571428571425 0.08253968253968254 0.4151785714285714
1 0.6682539682539682 0.37723214285714285 0.10158730158730159 0.4732142857142857
0 0.8793650793650793 0.5111607142857143 0.14285714285714285 0.26339285714285715
1 0.8317460317460318 0.4029017857142857 0.10476190476190476 0.4040178571428571
3 0.9261904761904762 0.26004464285714285 0.0873015873015873 0.2075892857142857
3 0.9666666666666667 0.3794642857142857 0.06666666666666667 0.2232142857142857
1 0.18492063492063493 0.40959821428571425 0.09682539682539683 0.4665178571428571
1 0.0880952380952381 0.37723214285714285 0.10952380952380952 0.5178571428571428
