2 0.5121951219512195 0.7983333333333333 0.2551594746716698 0.37000000000000005
0 0.34615384615384615 0.4816666666666667 0.14821763602251406 0.35000000000000003
1 0.23452157598499063 0.34500000000000003 0.11632270168855535 0.48333333333333334
3 0.06191369606003752 0.25833333333333336 0.1200750469043152 0.5033333333333334
1 0.13133208255159476 0.30333333333333334 0.075046904315197 0.3666666666666667
1 0.4906191369606004 0.34833333333333333 0.07317073170731707 0.5033333333333334
1 0.5834896810506567 0.49500000000000005 0.150093808630394 0.7033333333333334
0 0.7673545966228893 0.6016666666666667 0.2176360225140713 0.7966666666666667
1 0.9155722326454033 0.47000000000000003 0.16885553470919323 0.7400000000000001
1 0.4437148217636023 0.3566666666666667 0.06566604127579738 0.44
