2 0.5660000000000001 0.4945054945054945 0.396 0.07535321821036108
1 0.839 0.5070643642072213 0.154 0.3139717425431711
1 0.967 0.48037676609105184 0.066 0.4113029827315542
1 0.46900000000000003 0.5 0.166 0.3626373626373627
1 0.559 0.35086342229199374 0.134 0.28728414442700156
1 0.375 0.3673469387755102 0.122 0.26059654631083207
1 0.263 0.4003139717425432 0.19 0.38304552590266877
1 0.146 0.38304552590266877 0.14400000000000002 0.3893249607535322
1 0.315 0.3649921507064364 0.106 0.3092621664050236
3 0.481 0.28335949764521196 0.13 0.15855572998430142
0 0.526 0.434850863422292 0.136 0.18210361067503925
