2 0.6076233183856502 0.7534246575342465 0.5964125560538116 0.23972602739726026
1 0.09192825112107623 0.39212328767123283 0.1210762331838565 0.2568493150684931
1 0.2757847533632287 0.4006849315068493 0.1390134529147982 0.2876712328767123
1 0.37668161434977576 0.3904109589041096 0.07174887892376682 0.2191780821917808
1 0.4327354260089686 0.4006849315068493 0.07623318385650224 0.22602739726027396
1 0.4910313901345291 0.422945205479452 0.10313901345291479 0.297945205479452
1 0.5515695067264574 0.39383561643835613 0.08968609865470852 0.2465753424657534
1 0.6636771300448431 0.4297945205479452 0.12556053811659193 0.2773972602739726
1 0.7668161434977578 0.3955479452054794 0.11659192825112108 0.2636986301369863
1 0.8946188340807175 0.422945205479452 0.14798206278026907 0.2910958904109589
