2 0.28250000000000003 0.7053872053872053 0.535 0.4949494949494949
2 0.70625 0.7003367003367003 0.5675 0.4444444444444444
1 0.33875 0.4882154882154882 0.3875 0.9696969696969696
1 0.92875 0.4074074074074074 0.14250000000000002 0.8080808080808081
3 0.70875 0.29966329966329963 0.2025 0.2962962962962963
3 0.69125 0.38215488215488214 0.10250000000000001 0.2121212121212121
3 0.53125 0.39057239057239057 0.11750000000000001 0.20875420875420875
3 0.61875 0.4461279461279461 0.0675 0.13804713804713803
3 0.83375 0.4276094276094276 0.08750000000000001 0.1414141414141414
3 0.8525 0.18013468013468012 0.095 0.16498316498316498
3 0.0825 0.19865319865319864 0.105 0.15488215488215487
3 0.10875 0.372053872053872 0.08750000000000001 0.15151515151515152
