2 0.49624530663329164 0.7875000000000001 0.2640801001251564 0.385
0 0.6276595744680851 0.6466666666666667 0.2665832290362954 0.5066666666666667
0 0.3072590738423029 0.7933333333333333 0.27409261576971217 0.4133333333333334
0 0.23341677096370464 0.5391666666666667 0.16896120150187735 0.3416666666666667
1 0.3135168961201502 0.36583333333333334 0.12390488110137672 0.465
1 0.19899874843554444 0.2841666666666667 0.06758448060075094 0.2516666666666667
1 0.06946182728410513 0.29333333333333333 0.08135168961201503 0.2733333333333334
0 0.4712140175219024 0.39666666666666667 0.1739674593241552 0.4066666666666667
1 0.7540675844806007 0.5091666666666667 0.09887359198998749 0.5783333333333334
1 0.8222778473091364 0.4816666666666667 0.08010012515644556 0.5066666666666667
1 0.9224030037546934 0.49750000000000005 0.15519399249061328 0.645
3 0.609511889862328 0.2758333333333334 0.13016270337922403 0.265
