2 0.4159891598915989 0.8096026490066225 0.6693766937669376 0.20860927152317882
0 0.5636856368563685 0.7516556291390728 0.2872628726287263 0.48344370860927155
0 0.8550135501355014 0.6324503311258278 0.2086720867208672 0.4370860927152318
0 0.37262872628726285 0.5827814569536424 0.2032520325203252 0.31125827814569534
1 0.09620596205962059 0.4768211920529801 0.18699186991869918 0.6158940397350994
1 0.16124661246612465 0.32450331125827814 0.08943089430894309 0.41721854304635764
1 0.2086720867208672 0.326158940397351 0.07588075880758807 0.31456953642384106
1 0.2940379403794038 0.3195364238410596 0.08943089430894309 0.31456953642384106
1 0.3915989159891599 0.30132450331125826 0.07317073170731707 0.2980132450331126
1 0.5 0.34933774834437087 0.1111111111111111 0.5331125827814569
1 0.7913279132791328 0.33278145695364236 0.13008130081300812 0.44039735099337746
3 0.9010840108401084 0.25165562913907286 0.11653116531165311 0.271523178807947
