2 0.3123076923076923 0.6859122401847575 0.2246153846153846 0.48036951501154734
0 0.48923076923076925 0.6420323325635103 0.17846153846153845 0.4665127020785219
2 0.28307692307692306 0.4838337182448037 0.12307692307692308 0.22401847575057737
2 0.23076923076923078 0.4953810623556582 0.07076923076923076 0.20554272517321015
1 0.8384615384615385 0.5 0.23692307692307693 0.8337182448036952
1 0.6476923076923077 0.5265588914549654 0.1723076923076923 0.8406466512702079
1 0.5176923076923077 0.33140877598152424 0.1276923076923077 0.5242494226327945
1 0.32769230769230767 0.3648960739030023 0.08923076923076922 0.3556581986143187
1 0.19384615384615383 0.4168591224018476 0.1076923076923077 0.5750577367205543
1 0.10615384615384615 0.45958429561200925 0.20923076923076922 0.720554272517321
1 0.3992307692307692 0.325635103926097 0.05384615384615385 0.27713625866050806
