1 0.16640625 0.6246290801186943 0.1390625 0.7507418397626113
2 0.478125 0.8086053412462908 0.4625 0.19881305637982197
0 0.5398437500000001 0.6765578635014837 0.1765625 0.3264094955489614
0 0.7289062500000001 0.7700296735905044 0.2609375 0.2759643916913947
0 0.87421875 0.5356083086053413 0.1640625 0.7091988130563799
0 0.74140625 0.43768545994065283 0.1328125 0.5489614243323442
0 0.56796875 0.42729970326409494 0.1609375 0.2789317507418398
0 0.38828125 0.8353115727002968 0.17343750000000002 0.3293768545994065
3 0.05625 0.17062314540059348 0.08125 0.33531157270029677
3 0.17578125 0.16617210682492584 0.1390625 0.3264094955489614
3 0.41015625 0.1795252225519288 0.0890625 0.3531157270029674
1 0.50546875 0.24629080118694363 0.11093750000000001 0.48664688427299707
0 0.6937500000000001 0.20623145400593473 0.09375 0.3887240356083086
1 0.9632812500000001 0.43471810089020774 0.0734375 0.6439169139465876
