2 0.561 0.5059970014992503 0.262 0.14842578710644677
1 0.76 0.5029985007496252 0.248 0.6701649175412293
1 0.9500000000000001 0.2901049475262369 0.1 0.29235382308845576
1 0.224 0.32233883058470764 0.132 0.24587706146926536
1 0.268 0.30509745127436283 0.124 0.22038980509745126
1 0.074 0.308095952023988 0.124 0.2563718140929535
1 0.389 0.34407796101949023 0.17 0.3703148425787106
0 0.496 0.42278860569715143 0.276 0.26686656671664166
3 0.108 0.669415292353823 0.212 0.631184407796102
3 0.13 0.22413793103448276 0.096 0.1184407796101949
3 0.37 0.19265367316341828 0.12 0.12143928035982009
3 0.865 0.2166416791604198 0.122 0.1424287856071964
