1 0.04181818181818182 0.18417462482946795 0.05818181818181818 0.13369713506139155
1 0.14272727272727273 0.22373806275579808 0.14363636363636365 0.2673942701227831
3 0.5463636363636364 0.17462482946793997 0.08545454545454545 0.12824010914051842
1 0.6372727272727273 0.2592087312414734 0.11818181818181818 0.2892223738062756
1 0.7427272727272727 0.286493860845839 0.12181818181818181 0.34106412005457026
3 0.7890909090909091 0.13233287858117326 0.02909090909090909 0.05184174624829468
1 0.8336363636363636 0.247612551159618 0.1290909090909091 0.3915416098226467
1 0.9363636363636364 0.29263301500682126 0.12727272727272726 0.40791268758526605
1 0.33 0.3315143246930423 0.16545454545454547 0.43383356070941337
0 0.5136363636363637 0.3178717598908595 0.18727272727272729 0.20463847203274216
0 0.41454545454545455 0.5327421555252387 0.4509090909090909 0.296043656207367
0 0.6727272727272727 0.5313778990450204 0.29818181818181816 0.3096862210095498
2 0.5545454545454546 0.7394270122783083 0.52 0.5020463847203275
1 0.23636363636363636 0.18963165075034105 0.04727272727272727 0.10914051841746249
