1 0.08828125 0.48 0.15156250000000002 0.5223529411764706
1 0.32421875 0.09176470588235293 0.08281250000000001 0.1788235294117647
1 0.33125000000000004 0.468235294117647 0.12812500000000002 0.5929411764705882
3 0.4109375 0.32705882352941174 0.07187500000000001 0.24
3 0.52578125 0.22941176470588234 0.1234375 0.24235294117647058
1 0.703125 0.3505882352941176 0.078125 0.3529411764705882
1 0.81640625 0.4705882352941176 0.1484375 0.6070588235294118
1 0.95625 0.33764705882352936 0.08750000000000001 0.5058823529411764
3 0.63671875 0.24470588235294116 0.09531250000000001 0.2352941176470588
1 0.6312500000000001 0.10117647058823528 0.034375 0.12705882352941175
2 0.5867187500000001 0.6494117647058822 0.4296875 0.7011764705882352
