1 0.12311557788944724 0.5041152263374487 0.1407035175879397 0.7942386831275721
2 0.38944723618090454 0.8024691358024693 0.4020100502512563 0.21399176954732513
1 0.26884422110552764 0.4753086419753087 0.12562814070351758 0.7366255144032923
1 0.20979899497487436 0.40123456790123463 0.0829145728643216 0.654320987654321
0 0.44221105527638194 0.5205761316872428 0.31155778894472363 0.7119341563786009
1 0.5012562814070352 0.47942386831275724 0.10804020100502512 0.5390946502057614
1 0.5954773869346733 0.4711934156378601 0.12060301507537688 0.7777777777777778
1 0.6771356783919598 0.5082304526748972 0.15326633165829145 0.7695473251028807
1 0.8592964824120604 0.5123456790123457 0.20603015075376885 0.8683127572016461
1 0.9635678391959799 0.4547325102880659 0.0728643216080402 0.6954732510288066
