2 0.5348583877995643 0.6393188854489165 0.33333333333333337 0.7213622291021672
0 0.6862745098039217 0.5356037151702787 0.24400871459694992 0.6377708978328174
2 0.37254901960784315 0.7089783281733747 0.24836601307189546 0.31578947368421056
1 0.1459694989106754 0.23374613003095976 0.09150326797385622 0.325077399380805
1 0.19716775599128541 0.22291021671826627 0.05882352941176471 0.25386996904024767
1 0.266884531590414 0.19814241486068113 0.06753812636165578 0.3343653250773994
1 0.5838779956427016 0.13157894736842107 0.06535947712418301 0.19504643962848298
1 0.6840958605664489 0.11455108359133127 0.06535947712418301 0.22291021671826627
1 0.7461873638344227 0.1455108359133127 0.06318082788671024 0.26006191950464397
0 0.8355119825708062 0.17027863777089786 0.12418300653594773 0.31578947368421056
