2 0.5632530120481927 0.7230769230769231 0.4879518072289156 0.5538461538461539
0 0.5070281124497992 0.47692307692307695 0.23092369477911645 0.38153846153846155
1 0.2469879518072289 0.18769230769230769 0.09236947791164658 0.36923076923076925
1 0.5180722891566265 0.18615384615384614 0.0682730923694779 0.36615384615384616
1 0.4759036144578313 0.1646153846153846 0.056224899598393566 0.3230769230769231
1 0.752008032128514 0.2969230769230769 0.142570281124498 0.5876923076923077
1 0.6556224899598393 0.2276923076923077 0.09839357429718874 0.4492307692307692
1 0.606425702811245 0.18153846153846154 0.0682730923694779 0.3569230769230769
1 0.9457831325301204 0.27076923076923076 0.10843373493975902 0.48
1 0.8845381526104417 0.2 0.1144578313253012 0.39384615384615385
