2 0.42500000000000004 0.795 0.7033333333333334 0.4
0 0.13833333333333334 0.38125000000000003 0.27 0.4175
3 0.07833333333333334 0.1 0.15000000000000002 0.155
1 0.30333333333333334 0.27375 0.26 0.47750000000000004
3 0.38833333333333336 0.0625 0.18333333333333335 0.12
0 0.5616666666666666 0.3975 0.4166666666666667 0.585
3 0.56 0.08875 0.19333333333333336 0.17250000000000001
1 0.8266666666666668 0.20500000000000002 0.11333333333333334 0.4
1 0.9133333333333334 0.245 0.17333333333333334 0.485
1 0.7300000000000001 0.23625000000000002 0.16666666666666669 0.4625
