2 0.4201277955271565 0.7918660287081339 0.3226837060702875 0.41626794258373206
1 0.10383386581469647 0.25598086124401914 0.09904153354632587 0.37799043062200954
0 0.23801916932907347 0.4688995215311005 0.2268370607028754 0.6794258373205742
1 0.33386581469648563 0.3588516746411483 0.10543130990415335 0.6985645933014354
1 0.41373801916932906 0.3397129186602871 0.10543130990415335 0.5837320574162679
1 0.5543130990415335 0.23923444976076555 0.09904153354632587 0.4019138755980861
1 0.6613418530351437 0.44258373205741625 0.19808306709265175 0.8755980861244019
0 0.8945686900958466 0.4282296650717703 0.2108626198083067 0.5980861244019139
3 0.889776357827476 0.14354066985645933 0.08626198083067092 0.14354066985645933
1 0.7523961661341853 0.34210526315789475 0.08626198083067092 0.5885167464114832
