1 0.164 0.3951612903225807 0.08 0.42473118279569894
1 0.23700000000000002 0.4502688172043011 0.106 0.43817204301075274
1 0.34900000000000003 0.34946236559139787 0.082 0.3064516129032258
1 0.403 0.3010752688172043 0.054 0.22043010752688175
1 0.468 0.3024193548387097 0.068 0.228494623655914
1 0.674 0.4516129032258065 0.1 0.5537634408602151
1 0.8130000000000001 0.5618279569892474 0.20600000000000002 0.8333333333333334
0 0.581 0.48924731182795705 0.138 0.1827956989247312
0 0.545 0.5161290322580645 0.198 0.2688172043010753
0 0.394 0.5739247311827957 0.184 0.2231182795698925
2 0.496 0.625 0.124 0.16935483870967744
