1 0.09000000000000001 0.49125 0.17666666666666667 0.8175
1 0.4475 0.49375 0.165 0.6425
1 0.5491666666666667 0.3925 0.11166666666666668 0.35000000000000003
1 0.3983333333333334 0.49125 0.07666666666666667 0.3525
3 0.6216666666666667 0.3275 0.07333333333333333 0.185
1 0.6291666666666667 0.50625 0.07833333333333334 0.2675
1 0.7016666666666667 0.55625 0.15000000000000002 0.7175
1 0.8625 0.52625 0.15166666666666667 0.5125
1 0.8933333333333334 0.49875 0.11333333333333334 0.4875
2 0.6616666666666667 0.6825 0.30333333333333334 0.22
0 0.5366666666666667 0.63 0.15666666666666668 0.355
