2 0.605 0.8385579937304075 0.35000000000000003 0.29780564263322884
1 0.135 0.5391849529780564 0.185 0.8025078369905956
1 0.24375 0.4404388714733542 0.0975 0.793103448275862
1 0.31375000000000003 0.4059561128526646 0.0975 0.6865203761755485
1 0.49 0.25705329153605017 0.12 0.5078369905956113
1 0.60375 0.4263322884012539 0.11750000000000001 0.7648902821316614
1 0.7175 0.2962382445141066 0.25 0.561128526645768
3 0.96625 0.3683385579937304 0.0675 0.5172413793103449
0 0.82375 0.6927899686520376 0.2775 0.3887147335423197
0 0.43625 0.6739811912225705 0.3075 0.43260188087774293
