1 0.09000000000000001 0.7113095238095237 0.14666666666666667 0.5535714285714285
1 0.028333333333333335 0.22023809523809523 0.05 0.40476190476190477
1 0.17666666666666667 0.25 0.06666666666666667 0.3214285714285714
1 0.31833333333333336 0.5744047619047619 0.15666666666666668 0.5416666666666666
2 0.315 0.7678571428571428 0.1366666666666667 0.2857142857142857
1 0.4566666666666667 0.6190476190476191 0.10666666666666667 0.5357142857142857
1 0.52 0.744047619047619 0.12000000000000001 0.5119047619047619
1 0.5466666666666667 0.22916666666666666 0.05333333333333334 0.33928571428571425
1 0.62 0.23511904761904762 0.09333333333333334 0.33928571428571425
1 0.7416666666666667 0.23214285714285712 0.07666666666666667 0.3571428571428571
1 0.8466666666666667 0.5208333333333333 0.1 0.4583333333333333
1 0.9450000000000001 0.6964285714285714 0.11 0.5833333333333333
