2 0.531 0.6567567567567568 0.438 0.16216216216216217
0 0.221 0.6337837837837839 0.438 0.727027027027027
0 0.535 0.7243243243243244 0.218 0.5459459459459459
0 0.843 0.6621621621621622 0.314 0.572972972972973
1 0.726 0.17702702702702705 0.148 0.34864864864864864
1 0.406 0.14324324324324325 0.084 0.2810810810810811
1 0.277 0.16891891891891891 0.14200000000000002 0.3324324324324325
1 0.17300000000000001 0.17567567567567569 0.126 0.34594594594594597
1 0.055 0.22972972972972974 0.106 0.4540540540540541
3 0.506 0.1918918918918919 0.17200000000000001 0.23243243243243245
