0 0.08166666666666667 0.5460829493087558 0.15666666666666668 0.6221198156682027
2 0.5666666666666667 0.7188940092165899 0.3066666666666667 0.23963133640552994
0 0.15166666666666667 0.4216589861751152 0.15666666666666668 0.41013824884792627
0 0.2866666666666667 0.3986175115207373 0.12000000000000001 0.33640552995391704
0 0.4416666666666667 0.3709677419354839 0.09666666666666668 0.22580645161290322
0 0.39 0.38018433179723504 0.06666666666666667 0.2073732718894009
0 0.5366666666666667 0.5576036866359447 0.13333333333333333 0.29493087557603687
1 0.6883333333333334 0.45622119815668205 0.09000000000000001 0.39631336405529954
1 0.7766666666666667 0.47235023041474655 0.12000000000000001 0.4470046082949309
1 0.925 0.5875576036866359 0.15000000000000002 0.8064516129032258
1 0.8350000000000001 0.6820276497695853 0.11666666666666667 0.4608294930875576
