2 0.2801724137931034 0.6878504672897197 0.5258620689655172 0.11962616822429907
1 0.10237068965517242 0.5981308411214954 0.20043103448275862 0.32897196261682243
0 0.3890086206896552 0.6214953271028038 0.15301724137931033 0.23738317757009347
0 0.5193965517241379 0.5710280373831776 0.15517241379310345 0.16261682242990655
1 0.7564655172413793 0.5551401869158878 0.11637931034482758 0.3663551401869159
1 0.884698275862069 0.5822429906542056 0.08405172413793104 0.2074766355140187
1 0.9612068965517241 0.5495327102803739 0.07758620689655173 0.29158878504672897
1 0.6336206896551724 0.488785046728972 0.06034482758620689 0.21495327102803738
1 0.5775862068965517 0.47476635514018695 0.06896551724137931 0.20186915887850468
1 0.40301724137931033 0.4588785046728972 0.09482758620689655 0.16635514018691588
1 0.3103448275862069 0.5214953271028038 0.08620689655172414 0.26542056074766357
0 0.1961206896551724 0.5345794392523364 0.15517241379310345 0.16448598130841122
