2 0.41600000000000004 0.8278210116731518 0.8280000000000001 0.25486381322957197
1 0.07 0.2811284046692607 0.136 0.3949416342412451
1 0.17 0.25680933852140075 0.06 0.30350194552529186
1 0.265 0.3336575875486381 0.13 0.433852140077821
1 0.431 0.27626459143968873 0.05 0.22568093385214008
1 0.47900000000000004 0.2850194552529183 0.054 0.21206225680933852
0 0.657 0.41245136186770426 0.14200000000000002 0.22178988326848248
1 0.773 0.33463035019455256 0.21 0.45136186770428016
1 0.859 0.33657587548638135 0.11800000000000001 0.29571984435797666
0 0.935 0.46400778210116733 0.13 0.25486381322957197
