1 0.9452631578947368 0.4879120879120879 0.1094736842105263 0.734065934065934
1 0.8321052631578947 0.521978021978022 0.11052631578947368 0.7318681318681318
1 0.7436842105263157 0.4901098901098901 0.10210526315789474 0.8307692307692308
1 0.6652631578947368 0.5142857142857142 0.10526315789473684 0.7472527472527473
0 0.5184210526315789 0.5813186813186814 0.13157894736842105 0.621978021978022
1 0.4747368421052631 0.489010989010989 0.09894736842105263 0.5912087912087912
1 0.41578947368421054 0.44175824175824174 0.08210526315789474 0.7120879120879121
1 0.3494736842105263 0.46593406593406594 0.0863157894736842 0.6725274725274726
1 0.2831578947368421 0.4956043956043956 0.10526315789473684 0.8505494505494505
1 0.1963157894736842 0.4758241758241758 0.07894736842105263 0.7670329670329671
1 0.08736842105263158 0.4978021978021978 0.0968421052631579 0.7714285714285715
1 0.027368421052631577 0.5252747252747253 0.05263157894736842 0.610989010989011
2 0.39789473684210525 0.8098901098901099 0.27578947368421053 0.1824175824175824
