1 0.055 0.31512605042016806 0.1 0.5882352941176471
1 0.13875 0.3025210084033613 0.0725 0.5462184873949579
1 0.17875 0.4663865546218487 0.10250000000000001 0.6386554621848739
1 0.245 0.4579831932773109 0.075 0.6386554621848739
1 0.3325 0.40756302521008403 0.1 0.680672268907563
1 0.44375000000000003 0.430672268907563 0.0925 0.6428571428571428
1 0.5375 0.4894957983193277 0.125 0.7521008403361344
1 0.68875 0.3592436974789916 0.1375 0.592436974789916
1 0.7837500000000001 0.31092436974789917 0.0975 0.4789915966386554
1 0.89 0.42857142857142855 0.055 0.3445378151260504
1 0.9525 0.3487394957983193 0.09 0.6302521008403361
2 0.57875 0.7016806722689075 0.3975 0.2689075630252101
