1 0.978114478114478 0.39267015706806285 0.043771043771043766 0.47120418848167545
1 0.8164983164983165 0.5209424083769634 0.09764309764309764 0.6230366492146597
1 0.7272727272727273 0.5130890052356021 0.09427609427609428 0.6178010471204188
1 0.6262626262626262 0.4816753926701571 0.09427609427609428 0.47120418848167545
1 0.5404040404040403 0.4816753926701571 0.1111111111111111 0.5235602094240838
1 0.4781144781144781 0.36387434554973824 0.04713804713804714 0.2774869109947644
0 0.3771043771043771 0.40314136125654454 0.06734006734006734 0.2094240837696335
1 0.3164983164983165 0.38219895287958117 0.07407407407407407 0.30366492146596863
1 0.2424242424242424 0.356020942408377 0.08754208754208753 0.28272251308900526
0 0.18518518518518517 0.693717277486911 0.18181818181818182 0.36125654450261785
0 0.3737373737373737 0.6596858638743456 0.14814814814814814 0.2094240837696335
2 0.44781144781144777 0.8272251308900525 0.3569023569023569 0.19895287958115185
