1 0.25084745762711863 0.502262443438914 0.21694915254237288 0.9954751131221721
2 0.2627118644067796 0.7262443438914028 0.5186440677966102 0.3484162895927602
2 0.8305084745762712 0.8393665158371042 0.3389830508474576 0.3212669683257919
0 0.6220338983050847 0.7398190045248869 0.3084745762711864 0.5203619909502263
0 0.8847457627118643 0.7149321266968326 0.2305084745762712 0.4886877828054299
1 0.8050847457627118 0.38687782805429866 0.13898305084745763 0.574660633484163
1 0.7 0.35972850678733037 0.0983050847457627 0.48416289592760187
1 0.5389830508474576 0.3144796380090498 0.1152542372881356 0.47511312217194573
1 0.4406779661016949 0.330316742081448 0.13559322033898305 0.5429864253393666
1 0.3389830508474576 0.3800904977375566 0.10847457627118644 0.44343891402714936
1 0.11186440677966102 0.3144796380090498 0.10169491525423728 0.5203619909502263
1 0.05423728813559322 0.3552036199095023 0.10169491525423728 0.6018099547511313
3 0.6254237288135593 0.2692307692307693 0.0847457627118644 0.28506787330316746
3 0.9389830508474576 0.3054298642533937 0.1152542372881356 0.3212669683257919
