2 0.529 0.7245508982035929 0.262 0.5089820359281437
0 0.198 0.6541916167664671 0.3 0.6916167664670659
0 0.198 0.47155688622754494 0.324 0.36826347305389223
0 0.457 0.4625748502994012 0.31 0.42215568862275454
3 0.369 0.17065868263473055 0.154 0.28742514970059885
3 0.528 0.14970059880239522 0.16 0.2574850299401198
0 0.652 0.3413173652694611 0.20800000000000002 0.4910179640718563
0 0.764 0.3787425149700599 0.168 0.45808383233532934
0 0.856 0.5598802395209581 0.23600000000000002 0.6706586826347306
3 0.07100000000000001 0.19760479041916168 0.138 0.38922155688622756
3 0.163 0.157185628742515 0.09 0.3083832335329342
