2 0.655310621242485 0.6964285714285714 0.37675350701402804 0.4880952380952381
2 0.18937875751503006 0.7782738095238095 0.374749498997996 0.33035714285714285
0 0.1903807615230461 0.5401785714285714 0.26452905811623245 0.32440476190476186
1 0.3286573146292585 0.27827380952380953 0.13627254509018036 0.550595238095238
1 0.4288577154308617 0.29464285714285715 0.08817635270541081 0.5178571428571428
1 0.22444889779559116 0.22172619047619047 0.06412825651302605 0.4375
1 0.156312625250501 0.25148809523809523 0.09218436873747494 0.4970238095238095
1 0.11523046092184368 0.13541666666666666 0.08617234468937875 0.2648809523809524
1 0.03206412825651302 0.20833333333333331 0.06012024048096192 0.4107142857142857
0 0.6863727454909819 0.48065476190476186 0.3547094188376753 0.40178571428571425
0 0.8687374749498997 0.3645833333333333 0.2625250501002004 0.6458333333333333
