2 0.3975609756097561 0.7957516339869282 0.3951219512195122 0.2647058823529412
0 0.15 0.6339869281045751 0.2951219512195122 0.607843137254902
1 0.17317073170731706 0.4673202614379085 0.14146341463414633 0.673202614379085
1 0.3780487804878049 0.3627450980392157 0.0975609756097561 0.41830065359477125
1 0.4548780487804878 0.34477124183006536 0.11951219512195121 0.28431372549019607
0 0.4329268292682927 0.5915032679738562 0.1878048780487805 0.28758169934640526
0 0.5292682926829269 0.5359477124183006 0.14146341463414633 0.3006535947712418
1 0.6182926829268293 0.411764705882353 0.11951219512195121 0.48366013071895425
1 0.7097560975609756 0.434640522875817 0.11707317073170731 0.49673202614379086
1 0.7841463414634147 0.4150326797385621 0.10975609756097561 0.48366013071895425
1 0.9304878048780488 0.5163398692810458 0.13902439024390245 0.7189542483660131
1 0.874390243902439 0.4362745098039216 0.1048780487804878 0.4542483660130719
