1 0.08 0.4741035856573705 0.155 0.6055776892430279
1 0.1675 0.43227091633466136 0.075 0.5697211155378485
1 0.23625000000000002 0.450199203187251 0.0975 0.5338645418326693
1 0.2975 0.4083665338645418 0.115 0.5936254980079682
1 0.43 0.4123505976095617 0.11 0.545816733067729
1 0.56625 0.4243027888446215 0.11750000000000001 0.5856573705179283
1 0.64375 0.4601593625498008 0.14250000000000002 0.5776892430278885
3 0.68 0.18326693227091634 0.07 0.19123505976095617
1 0.72875 0.398406374501992 0.0825 0.5657370517928286
1 0.7937500000000001 0.448207171314741 0.08750000000000001 0.5936254980079682
1 0.895 0.448207171314741 0.095 0.5856573705179283
2 0.34375 0.7171314741035857 0.3625 0.15139442231075698
2 0.715 0.6832669322709163 0.23500000000000001 0.099601593625498
1 0.49375 0.3545816733067729 0.0475 0.32669322709163345
