2 0.5961111111111111 0.5758333333333334 0.3811111111111111 0.5783333333333334
0 0.155 0.48500000000000004 0.30777777777777776 0.79
0 0.3188888888888889 0.515 0.20666666666666667 0.6900000000000001
0 0.9133333333333333 0.5325000000000001 0.17333333333333334 0.6083333333333334
3 0.7655555555555555 0.30083333333333334 0.1688888888888889 0.2816666666666667
3 0.6138888888888889 0.27166666666666667 0.12777777777777777 0.24333333333333335
3 0.5633333333333334 0.20500000000000002 0.07777777777777778 0.12000000000000001
3 0.5433333333333333 0.3175 0.06666666666666667 0.14833333333333334
3 0.4638888888888889 0.2866666666666667 0.10777777777777778 0.15000000000000002
3 0.4866666666666667 0.16833333333333333 0.07777777777777778 0.13333333333333333
3 0.4061111111111111 0.17333333333333334 0.07444444444444444 0.14
3 0.30277777777777776 0.19583333333333336 0.09444444444444444 0.15166666666666667
3 0.17055555555555554 0.13833333333333334 0.09222222222222222 0.1366666666666667
3 0.35944444444444446 0.11416666666666668 0.07888888888888888 0.12833333333333335
3 0.9338888888888889 0.14333333333333334 0.08777777777777777 0.12666666666666668
3 0.635 0.05583333333333334 0.07 0.10833333333333334
3 0.7038888888888889 0.05666666666666667 0.06555555555555556 0.11
3 0.43944444444444447 0.09166666666666667 0.06777777777777778 0.10666666666666667
3 0.2772222222222222 0.04583333333333334 0.06777777777777778 0.08833333333333333
