0 0.3019047619047619 0.6016666666666667 0.31047619047619046 0.33333333333333337
0 0.5961904761904762 0.5225000000000001 0.2742857142857143 0.3383333333333334
1 0.3352380952380952 0.35750000000000004 0.22095238095238096 0.385
1 0.25523809523809526 0.23750000000000002 0.1219047619047619 0.24500000000000002
1 0.09523809523809523 0.27416666666666667 0.16380952380952382 0.36500000000000005
1 0.4104761904761905 0.2525 0.08571428571428572 0.24500000000000002
1 0.5847619047619048 0.2891666666666667 0.09904761904761905 0.25833333333333336
1 0.6866666666666666 0.31083333333333335 0.12761904761904763 0.325
1 0.8180952380952381 0.3383333333333334 0.17333333333333334 0.45
1 0.8752380952380953 0.43000000000000005 0.24952380952380954 0.76
3 0.0419047619047619 0.3175 0.08 0.315
