2 0.44833333333333336 0.5833333333333334 0.4266666666666667 0.25555555555555554
0 0.31833333333333336 0.45666666666666667 0.13 0.32222222222222224
1 0.25916666666666666 0.4311111111111111 0.10166666666666667 0.3688888888888889
0 0.4475 0.4822222222222222 0.18500000000000003 0.28888888888888886
0 0.7208333333333333 0.5644444444444444 0.20500000000000002 0.4488888888888889
3 0.8275 0.6577777777777778 0.22833333333333336 0.4311111111111111
3 0.9125000000000001 0.6044444444444445 0.17500000000000002 0.7911111111111111
3 0.5975 0.4088888888888889 0.13833333333333334 0.23555555555555555
3 0.15166666666666667 0.5211111111111111 0.30000000000000004 0.9222222222222223
3 0.15416666666666667 0.39666666666666667 0.14500000000000002 0.29555555555555557
