1 0.12779552715654952 0.4519230769230769 0.24920127795527156 0.8942307692307693
2 0.4408945686900958 0.65625 0.2875399361022364 0.3701923076923077
0 0.31629392971246006 0.46634615384615385 0.1597444089456869 0.5096153846153847
0 0.6261980830670926 0.5817307692307693 0.14057507987220447 0.38461538461538464
1 0.7907348242811502 0.4182692307692308 0.10543130990415335 0.5288461538461539
1 0.8993610223642172 0.3966346153846154 0.10543130990415335 0.4375
1 0.9520766773162939 0.3918269230769231 0.06389776357827476 0.4375
1 0.5 0.3605769230769231 0.1182108626198083 0.4326923076923077
0 0.5878594249201278 0.3341346153846154 0.07667731629392971 0.22596153846153846
1 0.24121405750798722 0.3557692307692308 0.0926517571884984 0.4326923076923077
1 0.17092651757188498 0.36778846153846156 0.08626198083067092 0.44711538461538464
