0 0.6089743589743589 0.639423076923077 0.3076923076923077 0.5576923076923077
2 0.4423076923076923 0.7524038461538461 0.34615384615384615 0.46634615384615385
0 0.875 0.4495192307692308 0.25 0.8317307692307693
1 0.2516025641025641 0.375 0.15064102564102563 0.7403846153846154
1 0.08493589743589744 0.43028846153846156 0.16346153846153846 0.8509615384615385
1 0.4455128205128205 0.2980769230769231 0.15384615384615385 0.5865384615384616
0 0.6057692307692307 0.3245192307692308 0.20512820512820512 0.5432692307692308
1 0.7163461538461539 0.28365384615384615 0.10576923076923077 0.5576923076923077
1 0.37019230769230765 0.2980769230769231 0.08653846153846154 0.5865384615384616
1 0.8205128205128205 0.37980769230769235 0.12179487179487179 0.6730769230769231
