1 0.9345238095238094 0.2791666666666667 0.12698412698412698 0.55
0 0.7549603174603174 0.5416666666666666 0.3115079365079365 0.825
1 0.5287698412698413 0.225 0.0496031746031746 0.39166666666666666
1 0.4732142857142857 0.30625 0.08531746031746032 0.6041666666666666
0 0.4474206349206349 0.3854166666666667 0.19246031746031744 0.3625
0 0.3214285714285714 0.425 0.1468253968253968 0.24166666666666667
2 0.3819444444444444 0.63125 0.29563492063492064 0.37916666666666665
3 0.19642857142857142 0.3833333333333333 0.11904761904761904 0.7583333333333333
3 0.30456349206349204 0.14791666666666667 0.08928571428571427 0.2875
3 0.03968253968253968 0.37916666666666665 0.07539682539682539 0.75
0 0.10714285714285714 0.3375 0.13095238095238093 0.5833333333333334
