0 0.6166666666666667 0.6513353115727003 0.15333333333333332 0.19287833827893175
0 0.4633333333333333 0.5845697329376854 0.07777777777777778 0.16617210682492584
0 0.39444444444444443 0.6261127596439169 0.06 0.13649851632047477
0 0.3288888888888889 0.6617210682492581 0.18222222222222223 0.20178041543026706
0 0.27111111111111114 0.6112759643916914 0.1288888888888889 0.1543026706231454
0 0.12222222222222222 0.6780415430267063 0.21777777777777776 0.2403560830860534
1 0.4388888888888889 0.5296735905044511 0.04666666666666667 0.12759643916913946
1 0.39666666666666667 0.526706231454006 0.051111111111111114 0.12166172106824927
1 0.2011111111111111 0.4851632047477745 0.07333333333333333 0.2878338278931751
0 0.12222222222222222 0.5445103857566765 0.03111111111111111 0.12759643916913946
0 0.043333333333333335 0.526706231454006 0.042222222222222223 0.12759643916913946
