2 0.387 0.8093333333333333 0.198 0.3813333333333333
0 0.278 0.5986666666666667 0.256 0.4026666666666667
0 0.653 0.6759999999999999 0.322 0.648
0 0.5640000000000001 0.4013333333333333 0.216 0.376
0 0.486 0.42133333333333334 0.124 0.5386666666666666
1 0.885 0.508 0.23 0.8506666666666667
1 0.399 0.29333333333333333 0.094 0.39466666666666667
1 0.5760000000000001 0.14533333333333334 0.044 0.12533333333333332
3 0.787 0.288 0.122 0.3893333333333333
3 0.74 0.21866666666666665 0.08 0.352
3 0.532 0.14533333333333334 0.10400000000000001 0.16799999999999998
