2 0.5194736842105263 0.5703001579778831 0.5505263157894736 0.34123222748815163
2 0.3021052631578947 0.6090047393364929 0.5157894736842105 0.3048973143759874
1 0.06736842105263158 0.34834123222748814 0.1326315789473684 0.693522906793049
0 0.13789473684210526 0.28751974723538704 0.1936842105263158 0.353870458135861
0 0.23578947368421052 0.23222748815165875 0.1431578947368421 0.2843601895734597
0 0.33789473684210525 0.2772511848341232 0.10105263157894737 0.21958925750394945
0 0.33999999999999997 0.15323854660347552 0.15789473684210525 0.24960505529225907
0 0.4831578947368421 0.21484992101105846 0.16421052631578947 0.35071090047393366
0 0.61 0.1579778830963665 0.13789473684210526 0.29067930489731436
0 0.7294736842105263 0.16903633491311215 0.16421052631578947 0.30647709320695105
0 0.8089473684210526 0.1311216429699842 0.1231578947368421 0.25908372827804105
0 0.9221052631578948 0.1484992101105845 0.15578947368421053 0.2938388625592417
