2 0.6146265560165975 0.6374807987711214 0.37863070539419086 0.2642089093701997
0 0.08609958506224066 0.47772657450076805 0.17012448132780084 0.6267281105990783
3 0.0803941908713693 0.16589861751152074 0.06327800829875518 0.16282642089093702
1 0.17738589211618258 0.3064516129032258 0.05394190871369295 0.37327188940092165
3 0.2266597510373444 0.2227342549923195 0.046680497925311204 0.1935483870967742
3 0.26556016597510373 0.206605222734255 0.06431535269709543 0.20430107526881722
3 0.3257261410788382 0.22119815668202764 0.06431535269709543 0.20890937019969277
3 0.38900414937759337 0.2350230414746544 0.05186721991701245 0.18125960061443933
3 0.4315352697095436 0.23195084485407066 0.035269709543568464 0.18433179723502305
3 0.4854771784232365 0.2572964669738863 0.08921161825726141 0.21658986175115208
1 0.546161825726141 0.315668202764977 0.10684647302904564 0.40706605222734255
1 0.6779045643153527 0.3602150537634409 0.16493775933609958 0.4377880184331797
3 0.7889004149377593 0.22887864823348694 0.07157676348547717 0.18125960061443933
1 0.8744813278008299 0.3725038402457757 0.1078838174273859 0.4685099846390169
3 0.9242738589211619 0.6228878648233487 0.14937759336099585 0.3794162826420891
