0 0.43 0.5819209039548022 0.225 0.5461393596986817
1 0.615625 0.4143126177024482 0.14375000000000002 0.655367231638418
0 0.93375 0.2128060263653484 0.06 0.18832391713747645
1 0.870625 0.18832391713747645 0.03125 0.1431261770244821
1 0.894375 0.1911487758945386 0.02625 0.1374764595103578
1 0.5275 0.2335216572504708 0.0475 0.1544256120527307
0 0.48375 0.3003766478342749 0.0825 0.20527306967984935
1 0.375 0.31544256120527303 0.045 0.1864406779661017
1 0.39187500000000003 0.2664783427495292 0.03125 0.1638418079096045
1 0.34875 0.2806026365348399 0.035 0.1958568738229755
1 0.309375 0.31544256120527303 0.05375 0.2128060263653484
1 0.274375 0.31544256120527303 0.04625 0.20903954802259886
1 0.2475 0.307909604519774 0.045 0.1864406779661017
1 0.1525 0.3248587570621469 0.055 0.2165725047080979
1 0.104375 0.3248587570621469 0.058750000000000004 0.1864406779661017
3 0.460625 0.2532956685499058 0.04125 0.07721280602636535
