2 0.52 0.8316473988439306 0.3494736842105263 0.26734104046242774
1 0.7478947368421053 0.5382947976878613 0.1631578947368421 0.764450867052023
0 0.761578947368421 0.5859826589595375 0.24947368421052632 0.5303468208092486
1 0.7247368421052631 0.42485549132947975 0.1631578947368421 0.7861271676300577
1 0.6163157894736842 0.3815028901734104 0.13578947368421052 0.6820809248554913
1 0.37 0.5505780346820809 0.23684210526315788 0.8468208092485549
0 0.24421052631578946 0.7391618497109826 0.27789473684210525 0.3367052023121387
0 0.07947368421052631 0.5108381502890174 0.1568421052631579 0.611271676300578
1 0.13473684210526315 0.28684971098265893 0.17894736842105263 0.5708092485549132
3 0.2894736842105263 0.16546242774566472 0.1431578947368421 0.23843930635838148
0 0.8668421052631579 0.21459537572254334 0.17157894736842105 0.41184971098265893
0 0.9352631578947368 0.1986994219653179 0.12947368421052632 0.3945086705202312
