2 0.48859934853420195 0.8113207547169811 0.44951140065146583 0.3113207547169811
2 0.38273615635179153 0.6745283018867925 0.26384364820846906 0.14150943396226415
2 0.4201954397394137 0.5943396226415094 0.1693811074918567 0.14150943396226415
2 0.3550488599348534 0.5495283018867925 0.16286644951140067 0.10849056603773584
1 0.9153094462540717 0.5471698113207547 0.1693811074918567 0.7075471698113207
1 0.6889250814332248 0.43396226415094336 0.11400651465798047 0.38679245283018865
1 0.5553745928338762 0.4363207547169811 0.11400651465798047 0.37264150943396224
1 0.6172638436482085 0.40094339622641506 0.0749185667752443 0.29245283018867924
1 0.47231270358306193 0.3891509433962264 0.09771986970684039 0.2971698113207547
1 0.28664495114006516 0.40094339622641506 0.11074918566775245 0.3018867924528302
1 0.21009771986970685 0.37971698113207547 0.08143322475570033 0.22169811320754715
