2 0.5197183098591549 0.5704545454545454 0.22253521126760564 0.12272727272727273
0 0.34366197183098596 0.5227272727272727 0.13521126760563382 0.2909090909090909
0 0.23943661971830987 0.45227272727272727 0.13521126760563382 0.2863636363636364
1 0.36338028169014086 0.2636363636363636 0.07323943661971831 0.42727272727272725
1 0.4169014084507042 0.29318181818181815 0.056338028169014086 0.36818181818181817
1 0.5281690140845071 0.33409090909090905 0.09295774647887324 0.46818181818181814
1 0.6732394366197183 0.3704545454545454 0.16901408450704225 0.7318181818181818
1 0.7830985915492958 0.5045454545454545 0.21408450704225354 0.9909090909090909
1 0.9112676056338028 0.45909090909090905 0.13802816901408452 0.8999999999999999
1 0.9450704225352113 0.5909090909090908 0.10985915492957747 0.8181818181818181
