1 0.18823529411764706 0.38125 0.05647058823529411 0.3125
1 0.2564705882352941 0.43124999999999997 0.07999999999999999 0.5125
1 0.36117647058823527 0.3875 0.05411764705882353 0.35833333333333334
3 0.4105882352941176 0.28125 0.04470588235294117 0.17916666666666667
1 0.4870588235294117 0.33958333333333335 0.042352941176470586 0.20416666666666666
0 0.4352941176470588 0.5104166666666666 0.1411764705882353 0.2791666666666667
1 0.5682352941176471 0.3958333333333333 0.08235294117647059 0.4583333333333333
1 0.6552941176470588 0.4479166666666667 0.09176470588235293 0.6291666666666667
1 0.7223529411764705 0.3833333333333333 0.051764705882352935 0.31666666666666665
1 0.7788235294117647 0.4041666666666667 0.05647058823529411 0.39166666666666666
1 0.8588235294117647 0.4125 0.07058823529411765 0.4
2 0.448235294117647 0.6354166666666666 0.30823529411764705 0.1875
