2 0.31 0.6673003802281369 0.11 0.2623574144486692
0 0.37375 0.6444866920152091 0.11750000000000001 0.35361216730038025
1 0.50875 0.5095057034220533 0.0775 0.33460076045627374
1 0.7325 0.8688212927756654 0.12 0.2623574144486692
1 0.095 0.55893536121673 0.07 0.3650190114068441
1 0.09875 0.8365019011406845 0.0825 0.3269961977186312
3 0.165 0.8878326996197718 0.095 0.22433460076045628
1 0.36 0.11787072243346007 0.055 0.22813688212927757
1 0.31 0.11216730038022814 0.06 0.21673003802281368
0 0.2475 0.6692015209125475 0.09 0.22813688212927757
