2 0.5171296296296296 0.8074074074074074 0.2601851851851852 0.36049382716049383
1 0.9078703703703704 0.5191358024691358 0.18425925925925926 0.8111111111111111
0 0.8356481481481481 0.24259259259259258 0.1175925925925926 0.2679012345679012
0 0.737037037037037 0.6487654320987655 0.2351851851851852 0.5
0 0.512962962962963 0.19876543209876543 0.09074074074074075 0.22962962962962963
1 0.4430555555555556 0.35864197530864195 0.1398148148148148 0.5246913580246914
0 0.3578703703703704 0.5660493827160493 0.22870370370370371 0.4185185185185185
1 0.09212962962962963 0.5203703703703704 0.1824074074074074 0.9592592592592593
0 0.18981481481481483 0.3802469135802469 0.18703703703703706 0.4839506172839506
0 0.3375 0.21419753086419752 0.09907407407407408 0.24320987654320989
