0 0.27625 0.7168458781362007 0.2975 0.5663082437275986
0 0.47875 0.6326164874551972 0.2525 0.4982078853046595
3 0.6 0.5931899641577061 0.12 0.2974910394265233
1 0.70375 0.4390681003584229 0.10250000000000001 0.5985663082437276
3 0.77875 0.24193548387096775 0.0975 0.16845878136200718
1 0.81125 0.6129032258064516 0.1075 0.6379928315412187
1 0.88375 0.557347670250896 0.1125 0.6989247311827957
3 0.9450000000000001 0.5053763440860215 0.11 0.931899641577061
1 0.07 0.5017921146953405 0.135 0.996415770609319
1 0.20500000000000002 0.36379928315412186 0.165 0.6989247311827957
3 0.37 0.2885304659498208 0.195 0.36200716845878134
3 0.47250000000000003 0.25806451612903225 0.105 0.32974910394265233
3 0.5437500000000001 0.2616487455197133 0.0825 0.26523297491039427
3 0.6175 0.25806451612903225 0.095 0.32974910394265233
2 0.54125 0.8566308243727598 0.3275 0.27956989247311825
