1 0.96728515625 0.19692532942898977 0.0654296875 0.3616398243045388
1 0.93603515625 0.16544655929721816 0.0498046875 0.24011713030746706
1 0.85498046875 0.28989751098096633 0.1337890625 0.5768667642752563
1 0.724609375 0.28184480234260617 0.10546875 0.5607613469985359
1 0.66845703125 0.1998535871156662 0.0615234375 0.3704245973645681
1 0.58837890625 0.15373352855051245 0.0849609375 0.30453879941434847
1 0.50341796875 0.17496339677891654 0.1123046875 0.3469985358711567
1 0.46435546875 0.19472913616398244 0.0693359375 0.3103953147877013
1 0.365234375 0.21888726207906295 0.072265625 0.32650073206442165
1 0.23876953125 0.3718887262079063 0.1572265625 0.6998535871156661
0 0.15625 0.4882869692532943 0.1328125 0.3469985358711567
1 0.11669921875 0.17715959004392387 0.1083984375 0.2986822840409956
1 0.0712890625 0.28111273792093705 0.11328125 0.4333821376281113
1 0.02978515625 0.2759882869692533 0.0576171875 0.3879941434846267
0 0.595703125 0.43265007320644217 0.1484375 0.34114202049780384
2 0.57666015625 0.6632503660322109 0.5458984375 0.5856515373352855
