2 0.2981366459627329 0.6464968152866242 0.5900621118012422 0.1464968152866242
0 0.7670807453416149 0.5881104033970276 0.3850931677018633 0.3651804670912951
0 0.3385093167701863 0.5987261146496815 0.3602484472049689 0.4840764331210191
1 0.9456521739130435 0.3471337579617834 0.10869565217391304 0.4309978768577495
1 0.7437888198757764 0.32696390658174096 0.20807453416149066 0.38641188959660294
1 0.5124223602484471 0.29936305732484075 0.13664596273291924 0.38216560509554137
1 0.3850931677018633 0.25583864118895966 0.22981366459627328 0.3205944798301486
1 0.15527950310559005 0.31316348195329086 0.2546583850931677 0.45222929936305734
1 0.24068322981366458 0.262208067940552 0.15217391304347824 0.3375796178343949
3 0.6149068322981366 0.2484076433121019 0.13664596273291924 0.19532908704883226
