1 0.08626198083067092 0.608173076923077 0.08306709265175719 0.48557692307692313
1 0.16773162939297123 0.6153846153846154 0.09904153354632587 0.4711538461538462
1 0.2268370607028754 0.6177884615384616 0.08306709265175719 0.4375
1 0.3945686900958466 0.5697115384615385 0.12460063897763578 0.3509615384615385
1 0.5830670926517572 0.59375 0.1182108626198083 0.4278846153846154
1 0.634185303514377 0.5408653846153847 0.054313099041533544 0.32211538461538464
0 0.7619808306709265 0.5480769230769231 0.1182108626198083 0.22115384615384617
0 0.8817891373801916 0.6778846153846154 0.10223642172523961 0.25961538461538464
2 0.48083067092651754 0.8028846153846154 0.2460063897763578 0.15384615384615385
2 0.5223642172523961 0.7427884615384616 0.18210862619808305 0.21634615384615385
2 0.7188498402555911 0.7259615384615385 0.19808306709265175 0.17307692307692307
