0 0.33014354066985646 0.5303514376996805 0.5358851674641149 0.3258785942492013
2 0.5311004784688995 0.7492012779552716 0.5550239234449761 0.5015974440894568
0 0.6196172248803827 0.5335463258785942 0.3492822966507177 0.3514376996805112
1 0.7272727272727273 0.27955271565495204 0.18181818181818182 0.3738019169329073
1 0.5956937799043062 0.2523961661341853 0.13875598086124402 0.3194888178913738
1 0.23684210526315788 0.3242811501597444 0.2248803827751196 0.45686900958466453
0 0.4354066985645933 0.3083067092651757 0.23923444976076555 0.20766773162939295
1 0.05502392344497607 0.21405750798722045 0.10047846889952153 0.30670926517571884
3 0.4832535885167464 0.1693290734824281 0.14354066985645933 0.15335463258785942
1 0.8205741626794258 0.24920127795527156 0.1770334928229665 0.4281150159744409
1 0.9138755980861244 0.2939297124600639 0.17224880382775118 0.4472843450479233
