2 0.4020618556701031 0.6814671814671814 0.4536082474226804 0.38996138996138996
0 0.6572164948453608 0.5444015444015444 0.27319587628865977 0.277992277992278
0 0.2963917525773196 0.5212355212355212 0.30412371134020616 0.2702702702702703
0 0.19329896907216496 0.41312741312741313 0.28350515463917525 0.2084942084942085
3 0.6134020618556701 0.42277992277992277 0.20618556701030927 0.13513513513513514
1 0.8556701030927835 0.3455598455598456 0.1958762886597938 0.528957528957529
1 0.44329896907216493 0.2722007722007722 0.1958762886597938 0.38996138996138996
3 0.2706185567010309 0.24517374517374518 0.14948453608247422 0.26640926640926643
1 0.10051546391752578 0.3030888030888031 0.18041237113402062 0.4517374517374517
1 0.7731958762886598 0.31853281853281856 0.12371134020618557 0.3127413127413127
