2 0.493 0.44538288288288286 0.338 0.16554054054054054
1 0.152 0.34065315315315314 0.20800000000000002 0.44256756756756754
1 0.292 0.30405405405405406 0.1 0.268018018018018
0 0.404 0.38457207207207206 0.2 0.17229729729729729
1 0.517 0.28040540540540543 0.074 0.2072072072072072
3 0.602 0.28209459459459457 0.116 0.12725225225225226
0 0.769 0.42342342342342343 0.218 0.27927927927927926
3 0.852 0.27646396396396394 0.084 0.0731981981981982
3 0.801 0.23648648648648649 0.11 0.11261261261261261
3 0.6930000000000001 0.2561936936936937 0.134 0.14527027027027026
0 0.725 0.1356981981981982 0.098 0.0822072072072072
