2 0.422 0.7899159663865546 0.248 0.41456582633053224
1 0.861 0.4327731092436975 0.278 0.8095238095238095
1 0.6950000000000001 0.37254901960784315 0.082 0.42016806722689076
1 0.611 0.35294117647058826 0.074 0.25210084033613445
1 0.47400000000000003 0.34173669467787116 0.112 0.43137254901960786
1 0.538 0.3165266106442577 0.052000000000000005 0.22969187675070027
1 0.41000000000000003 0.3179271708683473 0.06 0.17647058823529413
1 0.311 0.33613445378151263 0.066 0.22408963585434175
1 0.066 0.5294117647058824 0.128 0.6050420168067226
0 0.606 0.6442577030812325 0.18 0.3753501400560224
0 0.381 0.5994397759103641 0.166 0.31932773109243695
0 0.23700000000000002 0.6792717086834734 0.298 0.5518207282913166
3 0.222 0.29971988795518206 0.14400000000000002 0.3697478991596639
