2 0.59765625 0.6656891495601173 0.22968750000000002 0.656891495601173
3 0.18046875 0.6744868035190615 0.35781250000000003 0.6510263929618768
0 0.23828125 0.2727272727272727 0.27968750000000003 0.31671554252199413
1 0.0671875 0.2404692082111437 0.13125 0.4750733137829912
0 0.41250000000000003 0.3651026392961877 0.13125 0.40762463343108507
0 0.7914062500000001 0.6730205278592375 0.3953125 0.6539589442815249
0 0.68515625 0.2126099706744868 0.1765625 0.3841642228739003
0 0.5328125 0.37390029325513197 0.178125 0.4897360703812317
1 0.5890625 0.09970674486803519 0.046875 0.1935483870967742
1 0.5476562500000001 0.08944281524926687 0.0484375 0.17302052785923755
3 0.4234375 0.13636363636363635 0.1 0.2668621700879765
3 0.48203125 0.1348973607038123 0.0734375 0.26392961876832843
