1 0.10862619808306709 0.5336538461538461 0.2108626198083067 0.9326923076923077
1 0.19808306709265175 0.4951923076923077 0.14057507987220447 0.6153846153846154
1 0.2507987220447284 0.4591346153846154 0.10543130990415335 0.5817307692307693
1 0.4408945686900958 0.5745192307692308 0.17891373801916932 0.8509615384615385
1 0.6054313099041533 0.5432692307692308 0.10543130990415335 0.44230769230769235
1 0.7619808306709265 0.6658653846153847 0.13738019169329074 0.6682692307692308
1 0.8785942492012779 0.6346153846153847 0.12779552715654952 0.576923076923077
1 0.6980830670926518 0.5600961538461539 0.08626198083067092 0.48557692307692313
1 0.3466453674121406 0.46875 0.07987220447284345 0.5048076923076923
1 0.3003194888178914 0.4519230769230769 0.07028753993610223 0.4903846153846154
1 0.5079872204472843 0.3629807692307693 0.05750798722044728 0.3701923076923077
