2 0.2775 0.6444866920152091 0.55 0.34600760456273766
0 0.5875 0.5418250950570342 0.23500000000000001 0.5057034220532319
0 0.78625 0.45817490494296575 0.2325 0.6349809885931559
0 0.3425 0.40874524714828897 0.27 0.3840304182509506
3 0.17375000000000002 0.24524714828897337 0.14250000000000002 0.4828897338403042
3 0.34 0.1634980988593156 0.13 0.3193916349809886
3 0.48 0.25285171102661597 0.135 0.49809885931558934
3 0.5700000000000001 0.2661596958174905 0.125 0.2661596958174905
3 0.71875 0.19391634980988592 0.1775 0.38022813688212925
3 0.81875 0.11977186311787072 0.1225 0.23193916349809887
1 0.90375 0.22813688212927757 0.11750000000000001 0.44866920152091255
