1 0.9768145161290323 0.43392857142857144 0.046370967741935484 0.48214285714285715
1 0.9294354838709677 0.39999999999999997 0.07661290322580645 0.39999999999999997
1 0.8417338709677419 0.29464285714285715 0.0625 0.225
1 0.6149193548387096 0.3267857142857143 0.08064516129032258 0.30357142857142855
1 0.5776209677419355 0.2875 0.05443548387096774 0.29642857142857143
1 0.5463709677419355 0.3839285714285714 0.06854838709677419 0.4107142857142857
1 0.43649193548387094 0.2982142857142857 0.05443548387096774 0.3107142857142857
1 0.3911290322580645 0.2589285714285714 0.03629032258064516 0.18928571428571428
2 0.15221774193548387 0.46785714285714286 0.23588709677419353 0.14285714285714285
2 0.7157258064516129 0.75 0.3790322580645161 0.17857142857142858
