3 0.6254295532646048 0.4367469879518073 0.08934707903780069 0.11445783132530121
3 0.5584192439862543 0.46837349397590367 0.12027491408934708 0.14156626506024098
1 0.6683848797250859 0.6506024096385542 0.16151202749140894 0.3132530120481928
1 0.5326460481099656 0.6566265060240964 0.12371134020618557 0.3433734939759036
1 0.37800687285223367 0.5195783132530121 0.10996563573883161 0.29819277108433734
1 0.35051546391752575 0.6671686746987953 0.13745704467353953 0.33433734939759036
1 0.12371134020618557 0.8313253012048193 0.16494845360824742 0.3373493975903615
2 0.16323024054982818 0.6641566265060241 0.31958762886597936 0.08734939759036145
2 0.24742268041237114 0.6144578313253012 0.2542955326460481 0.060240963855421686
2 0.23539518900343642 0.5768072289156627 0.13402061855670103 0.0391566265060241
2 0.25945017182130586 0.549698795180723 0.10652920962199312 0.045180722891566265
