2 0.21342685370741482 0.7181603773584906 0.3867735470941883 0.3561320754716981
1 0.8547094188376753 0.410377358490566 0.15831663326653306 0.6367924528301887
1 0.6543086172344689 0.41745283018867924 0.13026052104208416 0.6226415094339622
1 0.5761523046092184 0.3561320754716981 0.09018036072144288 0.410377358490566
1 0.4959919839679358 0.3761792452830188 0.13026052104208416 0.5542452830188679
1 0.4128256513026052 0.375 0.1843687374749499 0.5566037735849056
1 0.07915831663326653 0.410377358490566 0.14228456913827653 0.49056603773584906
1 0.1372745490981964 0.38797169811320753 0.13026052104208416 0.5306603773584906
0 0.30561122244488975 0.472877358490566 0.3106212424849699 0.46462264150943394
3 0.2474949899799599 0.1981132075471698 0.13827655310621242 0.1650943396226415
