1 0.05 0.5285285285285285 0.096 0.48648648648648646
2 0.445 0.6906906906906907 0.194 0.15615615615615616
1 0.136 0.5465465465465466 0.128 0.45645645645645644
1 0.261 0.5525525525525525 0.098 0.4924924924924925
1 0.379 0.521021021021021 0.11 0.5015015015015015
1 0.47500000000000003 0.527027027027027 0.10200000000000001 0.5255255255255256
1 0.5760000000000001 0.5180180180180181 0.108 0.48348348348348347
1 0.655 0.496996996996997 0.078 0.4774774774774775
1 0.672 0.5045045045045045 0.136 0.48648648648648646
1 0.755 0.536036036036036 0.114 0.44144144144144143
1 0.871 0.527027027027027 0.11 0.47147147147147145
