2 0.485 0.7307692307692307 0.398 0.3905325443786982
0 0.682 0.643491124260355 0.384 0.5650887573964497
0 0.37 0.4319526627218935 0.216 0.4497041420118343
1 0.053 0.2455621301775148 0.10200000000000001 0.48520710059171596
1 0.212 0.23816568047337278 0.10400000000000001 0.3994082840236686
3 0.381 0.14940828402366862 0.11 0.2514792899408284
1 0.466 0.22633136094674555 0.092 0.42899408284023666
1 0.54 0.22189349112426035 0.108 0.3846153846153846
3 0.714 0.24112426035502957 0.168 0.40532544378698226
1 0.634 0.20562130177514792 0.096 0.39349112426035504
3 0.8270000000000001 0.23372781065088757 0.13 0.41420118343195267
1 0.936 0.42159763313609466 0.128 0.8195266272189349
