2 0.48876404494382025 0.635 0.15355805243445694 0.13
1 0.8155430711610487 0.5666666666666667 0.08426966292134831 0.35333333333333333
1 0.9822097378277154 0.6616666666666667 0.03558052434456929 0.42333333333333334
3 0.9737827715355806 0.42833333333333334 0.052434456928838954 0.19
1 0.752808988764045 0.38833333333333336 0.06741573033707865 0.30333333333333334
3 0.5121722846441947 0.29833333333333334 0.05056179775280899 0.10333333333333335
1 0.601123595505618 0.535 0.06367041198501873 0.32333333333333336
3 0.5580524344569289 0.38833333333333336 0.0449438202247191 0.09000000000000001
1 0.5159176029962547 0.4716666666666667 0.05056179775280899 0.20333333333333334
1 0.3698501872659176 0.6166666666666667 0.07677902621722847 0.38
3 0.3539325842696629 0.42833333333333334 0.0449438202247191 0.15000000000000002
1 0.301498127340824 0.5233333333333333 0.056179775280898875 0.3466666666666667
