2 0.5555555555555556 0.7990867579908676 0.4511784511784512 0.4018264840182648
1 0.9629629629629629 0.2054794520547945 0.07407407407407407 0.4018264840182648
1 0.872053872053872 0.13013698630136986 0.0404040404040404 0.1689497716894977
0 0.6801346801346801 0.23515981735159816 0.11447811447811447 0.3789954337899543
0 0.6616161616161615 0.504566210045662 0.19865319865319864 0.3515981735159817
0 0.4882154882154882 0.47716894977168944 0.17508417508417506 0.2968036529680365
3 0.6060606060606061 0.14840182648401826 0.10101010101010101 0.1689497716894977
1 0.5185185185185185 0.11643835616438356 0.05387205387205387 0.1780821917808219
0 0.4461279461279461 0.18493150684931506 0.09090909090909091 0.2146118721461187
1 0.24074074074074073 0.3972602739726027 0.1919191919191919 0.7671232876712328
3 0.04882154882154882 0.3698630136986301 0.09090909090909091 0.4748858447488584
