1 0.1529126213592233 0.39914163090128757 0.2961165048543689 0.7725321888412017
2 0.5242718446601942 0.7725321888412017 0.5145631067961165 0.4206008583690987
0 0.8252427184466019 0.6008583690987125 0.3495145631067961 0.6180257510729614
1 0.4029126213592233 0.30257510729613735 0.1262135922330097 0.41630901287553645
1 0.27184466019417475 0.2532188841201717 0.09708737864077668 0.38626609442060084
1 0.5145631067961165 0.315450643776824 0.11650485436893203 0.4592274678111588
1 0.6043689320388349 0.27467811158798283 0.12135922330097086 0.3948497854077253
1 0.7499999999999999 0.27253218884120173 0.13106796116504854 0.3905579399141631
1 0.8834951456310679 0.2296137339055794 0.1262135922330097 0.26180257510729615
3 0.9393203883495145 0.1459227467811159 0.10194174757281553 0.15450643776824036
