2 0.44 0.6259370314842578 0.41600000000000004 0.40629685157421286
1 0.083 0.37181409295352325 0.158 0.5997001499250375
1 0.5750000000000001 0.27586206896551724 0.17400000000000002 0.29685157421289354
0 0.716 0.6064467766116941 0.276 0.38530734632683655
0 0.44 0.416791604197901 0.28400000000000003 0.17991004497751123
3 0.5740000000000001 0.3980509745127436 0.16 0.1454272863568216
1 0.866 0.25412293853073464 0.108 0.1664167916041979
1 0.907 0.3410794602698651 0.186 0.3823088455772114
1 0.41500000000000004 0.2128935532233883 0.082 0.1649175412293853
0 0.262 0.2338830584707646 0.192 0.24287856071964017
1 0.146 0.27061469265367316 0.14400000000000002 0.39730134932533734
