2 0.41 0.8442857142857143 0.3628571428571429 0.23714285714285716
3 0.68 0.6785714285714286 0.32 0.38571428571428573
0 0.1957142857142857 0.7471428571428571 0.38571428571428573 0.5057142857142857
3 0.04 0.31 0.07428571428571429 0.5228571428571429
1 0.16857142857142857 0.29428571428571426 0.17142857142857143 0.44
1 0.37857142857142856 0.3585714285714286 0.19142857142857142 0.5628571428571428
1 0.4942857142857143 0.35285714285714287 0.08 0.4142857142857143
1 0.6328571428571429 0.32857142857142857 0.22 0.44571428571428573
3 0.7371428571428571 0.22857142857142856 0.10285714285714286 0.2571428571428571
1 0.8414285714285714 0.3442857142857143 0.14 0.44857142857142857
1 0.94 0.32571428571428573 0.10857142857142857 0.41714285714285715
