3 0.12074303405572756 0.10618556701030928 0.23529411764705885 0.20824742268041238
1 0.31578947368421056 0.17216494845360825 0.11764705882352942 0.3402061855670103
1 0.44582043343653255 0.16288659793814433 0.21671826625386997 0.3216494845360825
3 0.6068111455108359 0.12371134020618557 0.18575851393188855 0.19793814432989693
0 0.7894736842105263 0.42061855670103093 0.4210526315789474 0.6020618556701031
0 0.6362229102167183 0.4154639175257732 0.25077399380804954 0.27835051546391754
0 0.48142414860681115 0.4577319587628866 0.29411764705882354 0.31752577319587627
0 0.28328173374613 0.5051546391752577 0.38080495356037153 0.3422680412371134
0 0.1842105263157895 0.5443298969072166 0.3622291021671827 0.6391752577319588
2 0.563467492260062 0.7268041237113402 0.4582043343653251 0.36907216494845363
