2 0.4525 0.6608391608391608 0.8 0.3916083916083916
0 0.79125 0.5437062937062938 0.3025 0.6048951048951049
0 0.5675 0.40559440559440557 0.375 0.34265734265734266
0 0.115 0.6293706293706294 0.18 0.26573426573426573
0 0.26125 0.5157342657342657 0.1375 0.3181818181818182
3 0.7125 0.41083916083916083 0.075 0.10839160839160839
3 0.73375 0.2972027972027972 0.0625 0.11188811188811189
3 0.3375 0.3111888111888112 0.065 0.0979020979020979
3 0.25 0.3041958041958042 0.065 0.0979020979020979
3 0.1925 0.24475524475524477 0.065 0.0979020979020979
3 0.2925 0.24825174825174826 0.065 0.0979020979020979
3 0.405 0.15734265734265734 0.065 0.0979020979020979
3 0.34500000000000003 0.1993006993006993 0.065 0.0979020979020979
3 0.5225 0.15034965034965034 0.065 0.0979020979020979
3 0.5025000000000001 0.23076923076923078 0.065 0.0979020979020979
3 0.4225 0.23076923076923078 0.065 0.0979020979020979
3 0.625 0.16083916083916083 0.065 0.0979020979020979
3 0.745 0.21678321678321677 0.065 0.0979020979020979
3 0.8250000000000001 0.22377622377622378 0.065 0.0979020979020979
3 0.9475 0.21328671328671328 0.065 0.0979020979020979
3 0.9450000000000001 0.2762237762237762 0.065 0.0979020979020979
3 0.9375 0.4090909090909091 0.065 0.0979020979020979
3 0.33375 0.06643356643356643 0.10250000000000001 0.1258741258741259
3 0.43875000000000003 0.06643356643356643 0.10250000000000001 0.1258741258741259
3 0.53 0.05419580419580419 0.1 0.10139860139860139
3 0.73375 0.1048951048951049 0.0825 0.1048951048951049
3 0.96125 0.1451048951048951 0.0625 0.08041958041958042
3 0.95125 0.08916083916083917 0.0625 0.08041958041958042
