2 0.536 0.689922480620155 0.152 0.103359173126615
0 0.382 0.644702842377261 0.276 0.6175710594315246
1 0.065 0.2583979328165375 0.082 0.22739018087855298
1 0.148 0.23901808785529716 0.1 0.23514211886304912
1 0.231 0.2260981912144703 0.074 0.22997416020671835
0 0.515 0.49870801033591733 0.202 0.289405684754522
1 0.457 0.2558139534883721 0.122 0.35658914728682173
1 0.28600000000000003 0.22739018087855298 0.076 0.20671834625323
1 0.665 0.24289405684754523 0.114 0.2842377260981912
1 0.879 0.4922480620155039 0.242 0.979328165374677
1 0.781 0.21317829457364343 0.062 0.24031007751937986
0 0.145 0.6162790697674418 0.258 0.49870801033591733
