1 0.09166666666666667 0.5470588235294117 0.08 0.2529411764705882
0 0.058333333333333334 0.7264705882352941 0.08666666666666667 0.1764705882352941
1 0.14666666666666667 0.7808823529411765 0.08 0.39705882352941174
1 0.32 0.7955882352941176 0.06333333333333334 0.35
3 0.45 0.5088235294117647 0.05666666666666667 0.1764705882352941
1 0.4566666666666667 0.725 0.07666666666666667 0.3264705882352941
1 0.5225000000000001 0.5882352941176471 0.055 0.22352941176470587
1 0.535 0.7647058823529411 0.06666666666666667 0.36470588235294116
3 0.6841666666666667 0.4514705882352941 0.058333333333333334 0.13823529411764707
1 0.6933333333333334 0.6308823529411764 0.06333333333333334 0.27941176470588236
2 0.6641666666666667 0.8205882352941176 0.12833333333333335 0.11176470588235293
2 0.5433333333333333 0.8191176470588235 0.12666666666666668 0.07941176470588235
