2 0.47300000000000003 0.7173333333333333 0.322 0.304
3 0.456 0.852 0.18 0.296
0 0.5630000000000001 0.6413333333333333 0.13 0.19466666666666665
1 0.197 0.7173333333333333 0.326 0.5653333333333334
1 0.28 0.6106666666666667 0.132 0.384
3 0.215 0.42933333333333334 0.114 0.21333333333333332
3 0.157 0.348 0.106 0.18933333333333333
1 0.417 0.432 0.126 0.30933333333333335
1 0.425 0.7266666666666667 0.11 0.36
1 0.624 0.5173333333333333 0.128 0.352
1 0.725 0.38 0.08600000000000001 0.27466666666666667
3 0.833 0.6639999999999999 0.158 0.29866666666666664
3 0.861 0.5026666666666666 0.162 0.264
3 0.671 0.42666666666666664 0.078 0.24
