2 0.4198396793587174 0.5667752442996743 0.5150300601202404 0.39087947882736157
3 0.3637274549098196 0.13029315960912052 0.05410821643286573 0.14332247557003258
3 0.4308617234468938 0.11237785016286646 0.0721442885771543 0.16612377850162868
3 0.5781563126252505 0.11889250814332249 0.07014028056112225 0.1270358306188925
1 0.68937875751503 0.19543973941368079 0.05611222444889779 0.33224755700325737
3 0.7675350701402806 0.14169381107491857 0.052104208416833664 0.10097719869706841
3 0.7324649298597193 0.10912052117263844 0.038076152304609215 0.1465798045602606
1 0.8647294589178356 0.21661237785016288 0.1062124248496994 0.42671009771986973
3 0.9599198396793587 0.21009771986970685 0.07615230460921843 0.41368078175895767
0 0.055110220440881756 0.06026058631921825 0.058116232464929855 0.11400651465798047
