2 0.336 0.6146666666666667 0.312 0.27999999999999997
1 0.578 0.3133333333333333 0.1 0.5466666666666666
1 0.47400000000000003 0.33199999999999996 0.084 0.41333333333333333
1 0.519 0.30266666666666664 0.058 0.30133333333333334
1 0.369 0.30933333333333335 0.066 0.29866666666666664
1 0.41000000000000003 0.2906666666666667 0.048 0.2613333333333333
1 0.243 0.2866666666666667 0.094 0.38666666666666666
1 0.299 0.2826666666666667 0.062 0.31466666666666665
1 0.122 0.29466666666666663 0.108 0.34933333333333333
1 0.039 0.308 0.074 0.38666666666666666
