3 0.6166666666666667 0.13132911392405064 0.05555555555555555 0.11075949367088607
3 0.6844444444444444 0.13291139240506328 0.04888888888888889 0.09493670886075949
3 0.7422222222222222 0.14873417721518986 0.06222222222222222 0.14556962025316456
3 0.6577777777777778 0.19778481012658228 0.044444444444444446 0.09177215189873418
3 0.6911111111111111 0.22468354430379747 0.057777777777777775 0.12658227848101267
3 0.7644444444444445 0.23417721518987342 0.06666666666666667 0.08860759493670886
3 0.8322222222222222 0.21677215189873417 0.06444444444444444 0.14240506329113925
3 0.9055555555555556 0.33069620253164556 0.08666666666666667 0.22468354430379747
1 0.8311111111111111 0.5537974683544303 0.16444444444444445 0.5253164556962026
1 0.51 0.7310126582278481 0.23333333333333334 0.5316455696202531
1 0.13777777777777778 0.7848101265822784 0.27111111111111114 0.43037974683544306
1 0.1922222222222222 0.49050632911392406 0.2733333333333333 0.6708860759493671
1 0.37222222222222223 0.4825949367088608 0.14 0.6234177215189873
