0 0.3321554770318021 0.7251308900523561 0.31095406360424027 0.2984293193717278
2 0.19257950530035337 0.7774869109947644 0.29328621908127206 0.36125654450261785
1 0.2968197879858657 0.2905759162303665 0.17667844522968199 0.549738219895288
0 0.4717314487632509 0.28534031413612565 0.13074204946996465 0.2984293193717278
1 0.5795053003533569 0.2696335078534032 0.1413427561837456 0.518324607329843
1 0.8480565371024735 0.31151832460732987 0.2968197879858657 0.6020942408376964
1 0.9204946996466431 0.274869109947644 0.08833922261484099 0.43455497382198954
0 0.1607773851590106 0.2486910994764398 0.1166077738515901 0.23560209424083772
3 0.6837455830388692 0.13350785340314136 0.06713780918727916 0.14136125654450263
3 0.0636042402826855 0.09947643979057592 0.04946996466431095 0.13612565445026178
3 0.10424028268551237 0.11518324607329844 0.06713780918727916 0.13612565445026178
3 0.15371024734982333 0.10732984293193717 0.06713780918727916 0.13089005235602094
