2 0.49166666666666664 0.5604166666666667 0.19166666666666665 0.1125
0 0.459375 0.42083333333333334 0.06458333333333333 0.23333333333333334
1 0.41041666666666665 0.3458333333333333 0.05416666666666667 0.3
1 0.384375 0.29791666666666666 0.03958333333333333 0.24583333333333332
1 0.35833333333333334 0.2875 0.029166666666666667 0.225
1 0.328125 0.375 0.06041666666666667 0.325
1 0.21875 0.39375 0.058333333333333334 0.37083333333333335
3 0.20833333333333334 0.21041666666666667 0.041666666666666664 0.10416666666666667
1 0.15416666666666667 0.32708333333333334 0.058333333333333334 0.2791666666666667
1 0.2708333333333333 0.2895833333333333 0.04583333333333333 0.22083333333333333
1 0.6802083333333333 0.2708333333333333 0.027083333333333334 0.11666666666666667
