1 0.05357142857142857 0.23969072164948454 0.09523809523809523 0.4690721649484536
1 0.14583333333333331 0.38917525773195877 0.15476190476190477 0.520618556701031
1 0.25744047619047616 0.28865979381443296 0.12202380952380952 0.4329896907216495
1 0.3318452380952381 0.10824742268041238 0.08035714285714285 0.20618556701030927
3 0.40773809523809523 0.09278350515463918 0.06547619047619047 0.17525773195876287
1 0.4226190476190476 0.35051546391752575 0.15476190476190477 0.38144329896907214
3 0.5252976190476191 0.12371134020618557 0.08035714285714285 0.16494845360824742
0 0.6354166666666666 0.5567010309278351 0.14583333333333331 0.38144329896907214
0 0.5520833333333333 0.35051546391752575 0.11011904761904762 0.29896907216494845
1 0.6413690476190476 0.19072164948453607 0.09821428571428571 0.3711340206185567
1 0.775297619047619 0.22164948453608246 0.12202380952380952 0.4329896907216495
1 0.931547619047619 0.19072164948453607 0.10714285714285714 0.3711340206185567
1 0.9479166666666666 0.6108247422680412 0.10416666666666666 0.5618556701030928
2 0.5267857142857143 0.595360824742268 0.31547619047619047 0.22164948453608246
