2 0.6255186721991701 0.8128491620111732 0.36721991701244816 0.21787709497206706
0 0.5311203319502075 0.5754189944134078 0.16597510373443983 0.30726256983240224
1 0.7468879668049793 0.4608938547486034 0.08298755186721991 0.37988826815642457
1 0.720954356846473 0.3980446927374302 0.07261410788381743 0.4162011173184358
1 0.5985477178423236 0.4134078212290503 0.11825726141078838 0.48603351955307267
1 0.36410788381742737 0.4357541899441341 0.09336099585062241 0.5418994413407822
1 0.28112033195020747 0.48603351955307267 0.12240663900414937 0.6536312849162011
1 0.18464730290456433 0.505586592178771 0.09958506224066391 0.7318435754189945
1 0.08921161825726141 0.5377094972067039 0.17012448132780084 0.9245810055865922
0 0.42323651452282157 0.3756983240223464 0.08713692946058091 0.3268156424581006
0 0.47406639004149376 0.33379888268156427 0.07676348547717843 0.20391061452513967
