2 0.5750000000000001 0.6181818181818182 0.51 0.32727272727272727
0 0.61625 0.5414141414141415 0.4525 0.3515151515151515
1 0.86875 0.3575757575757576 0.1775 0.509090909090909
1 0.7775 0.24242424242424243 0.145 0.39595959595959596
1 0.6025 0.22727272727272727 0.17500000000000002 0.3575757575757576
1 0.4 0.22424242424242424 0.12 0.39595959595959596
1 0.49875 0.20707070707070707 0.10250000000000001 0.3212121212121212
1 0.27 0.20202020202020202 0.14 0.3474747474747475
1 0.14875 0.25656565656565655 0.17250000000000001 0.3838383838383838
1 0.06875 0.295959595959596 0.1325 0.397979797979798
1 0.9087500000000001 0.5131313131313131 0.1825 0.7070707070707071
