2 0.391 0.7829670329670331 0.446 0.39010989010989017
1 0.678 0.38324175824175827 0.12 0.6236263736263736
1 0.873 0.42582417582417587 0.222 0.6923076923076924
1 0.798 0.28571428571428575 0.1 0.4450549450549451
1 0.586 0.3241758241758242 0.108 0.39560439560439564
1 0.556 0.26373626373626374 0.092 0.3626373626373627
1 0.495 0.2568681318681319 0.078 0.43131868131868134
1 0.405 0.3337912087912088 0.194 0.5741758241758242
1 0.279 0.2870879120879121 0.146 0.4807692307692308
1 0.134 0.2925824175824176 0.132 0.5631868131868132
1 0.083 0.3653846153846154 0.162 0.7252747252747254
