2 0.5036563071297989 0.6253644314868805 0.4844606946983547 0.6618075801749271
3 0.12431444241316271 0.4970845481049563 0.2449725776965265 0.988338192419825
1 0.23491773308957953 0.49854227405247814 0.11151736745886655 0.7580174927113702
3 0.34643510054844606 0.29008746355685133 0.11151736745886655 0.34110787172011664
3 0.5923217550274223 0.3206997084548105 0.17184643510054845 0.3673469387755102
1 0.5146252285191956 0.6180758017492711 0.05301645338208409 0.1924198250728863
1 0.5694698354661791 0.6137026239067055 0.06398537477148081 0.21282798833819241
3 0.7257769652650823 0.6938775510204082 0.025594149908592323 0.13411078717201166
0 0.7440585009140768 0.44752186588921283 0.2851919561243144 0.8892128279883382
3 0.903107861060329 0.4693877551020408 0.19378427787934185 0.9329446064139941
1 0.8756855575868373 0.6209912536443148 0.09506398537477148 0.36151603498542273
0 0.34186471663619744 0.5553935860058309 0.21937842778793418 0.4518950437317784
