2 0.4620535714285714 0.7738095238095237 0.3794642857142857 0.42857142857142855
2 0.234375 0.6904761904761905 0.19642857142857142 0.45238095238095233
2 0.1171875 0.7023809523809523 0.11383928571428571 0.40476190476190477
2 0.05357142857142857 0.611111111111111 0.049107142857142856 0.3333333333333333
0 0.6361607142857143 0.5873015873015872 0.29910714285714285 0.753968253968254
1 0.9341517857142857 0.33928571428571425 0.055803571428571425 0.24206349206349204
1 0.8627232142857142 0.32539682539682535 0.04241071428571428 0.15873015873015872
1 0.8180803571428571 0.3234126984126984 0.04241071428571428 0.17857142857142855
1 0.3872767857142857 0.4325396825396825 0.06919642857142856 0.38095238095238093
1 0.4196428571428571 0.39285714285714285 0.06696428571428571 0.3492063492063492
1 0.3370535714285714 0.40277777777777773 0.049107142857142856 0.376984126984127
1 0.2857142857142857 0.41468253968253965 0.05803571428571428 0.33730158730158727
1 0.22767857142857142 0.376984126984127 0.0625 0.2777777777777778
1 0.17745535714285712 0.3492063492063492 0.055803571428571425 0.2936507936507936
