2 0.416875 0.8068181818181819 0.32375 0.3863636363636364
0 0.708125 0.8189935064935066 0.38625 0.36201298701298706
0 0.6575 0.6550324675324676 0.3075 0.39123376623376627
0 0.18875 0.4918831168831169 0.375 0.9805194805194806
3 0.31875000000000003 0.46672077922077926 0.17 0.5633116883116883
1 0.453125 0.25 0.15625 0.4967532467532468
1 0.56375 0.18831168831168832 0.07 0.3733766233766234
1 0.65 0.24675324675324678 0.1375 0.4902597402597403
1 0.718125 0.2224025974025974 0.08375 0.4415584415584416
1 0.760625 0.21996753246753248 0.10625 0.43668831168831174
1 0.863125 0.25243506493506496 0.16625 0.5016233766233766
