2 0.6181229773462783 0.785377358490566 0.56957928802589 0.4292452830188679
1 0.08414239482200647 0.5212264150943396 0.16181229773462785 0.9575471698113207
1 0.21035598705501618 0.4716981132075472 0.2524271844660194 0.9339622641509434
1 0.29449838187702265 0.31839622641509435 0.13592233009708737 0.570754716981132
1 0.3511326860841424 0.2570754716981132 0.10032362459546926 0.5047169811320754
1 0.4498381877022654 0.3089622641509434 0.12297734627831716 0.5141509433962264
1 0.5242718446601942 0.2783018867924528 0.09061488673139159 0.4528301886792453
1 0.6067961165048544 0.3089622641509434 0.08090614886731393 0.40094339622641506
1 0.6779935275080906 0.33490566037735847 0.1197411003236246 0.6037735849056604
0 0.7944983818770227 0.41745283018867924 0.15857605177993528 0.6650943396226415
3 0.9401294498381877 0.5731132075471698 0.1197411003236246 0.7311320754716981
3 0.9660194174757282 0.14622641509433962 0.06796116504854369 0.16981132075471697
3 0.8203883495145632 0.09198113207547169 0.10679611650485438 0.17452830188679244
