0 0.1212962962962963 0.6022167487684729 0.23333333333333334 0.5443349753694582
2 0.42592592592592593 0.8054187192118226 0.5277777777777778 0.3448275862068966
0 0.4398148148148148 0.5603448275862069 0.28703703703703703 0.3694581280788177
1 0.5282407407407408 0.312807881773399 0.09907407407407408 0.5320197044334976
1 0.44351851851851853 0.25985221674876846 0.08518518518518518 0.4482758620689655
1 0.300462962962963 0.29248768472906406 0.125 0.5775862068965517
1 0.16018518518518518 0.28879310344827586 0.1425925925925926 0.5751231527093597
1 0.6342592592592593 0.31403940886699505 0.07222222222222223 0.39408866995073893
1 0.9111111111111111 0.3897783251231527 0.17777777777777778 0.7352216748768473
1 0.7472222222222222 0.394704433497537 0.23333333333333334 0.7401477832512315
