2 0.4267241379310345 0.8482758620689655 0.453448275862069 0.22528735632183908
1 0.6870689655172414 0.506896551724138 0.24310344827586206 0.9862068965517241
1 0.8491379310344828 0.48160919540229885 0.13620689655172413 0.7977011494252874
1 0.6163793103448276 0.46091954022988507 0.1706896551724138 0.632183908045977
1 0.425 0.44022988505747124 0.13275862068965516 0.5770114942528736
1 0.48879310344827587 0.42298850574712643 0.10517241379310345 0.593103448275862
1 0.29051724137931034 0.4471264367816092 0.14655172413793102 0.5678160919540229
1 0.14396551724137932 0.3540229885057471 0.12241379310344827 0.4735632183908046
3 0.9646551724137931 0.332183908045977 0.0706896551724138 0.21379310344827585
3 0.19310344827586207 0.29885057471264365 0.08620689655172414 0.23908045977011494
3 0.06034482758620689 0.6252873563218391 0.11724137931034483 0.7402298850574712
3 0.04482758620689655 0.23448275862068965 0.08620689655172414 0.22988505747126436
