2 0.5640000000000001 0.7521613832853026 0.5640000000000001 0.4668587896253602
1 0.8240000000000001 0.3299711815561959 0.17200000000000001 0.6541786743515849
1 0.9390000000000001 0.2968299711815562 0.122 0.5878962536023055
1 0.736 0.19164265129682995 0.07200000000000001 0.2680115273775216
1 0.652 0.28674351585014407 0.16 0.5677233429394812
1 0.486 0.2780979827089337 0.156 0.5504322766570605
1 0.4 0.14985590778097982 0.076 0.2190201729106628
1 0.333 0.14985590778097982 0.054 0.19596541786743515
1 0.24 0.34582132564841495 0.20800000000000002 0.685878962536023
1 0.08 0.39048991354466855 0.156 0.7752161383285302
